TDT_Sample	TDT_status
417772	143.715
422372	142.647
427241	160.449
432677	160.727
437332	160.330
441867	160.649
446777	160.808
452218	160.746
456942	160.172
461619	160.158
466143	160.184
471774	160.627
476491	160.769
481012	160.558
485806	160.873
491250	160.926
495940	160.770
500485	160.818
505186	160.896
510841	161.183
515532	161.636
520220	162.272
524768	162.846
530291	163.642
534925	164.528
539613	165.677
544443	166.011
549854	166.738
554537	166.979
559218	167.589
563759	168.201
569304	168.567
573918	168.256
578609	168.081
583384	167.337
588860	166.485
593449	165.354
598226	157.952
602915	139.316
608523	131.057
613201	128.386
617676	131.926
622365	151.195
627841	162.640
632523	164.272
637204	164.456
641916	165.003
647362	164.630
652089	163.860
656741	163.983
662240	165.142
666907	166.217
671647	166.266
676339	165.005
681743	163.020
686443	161.076
691118	158.960
695807	154.167
701344	144.253
706004	138.252
710654	135.520
715336	133.360
720819	132.764
725521	132.207
730192	132.561
735096	134.025
740355	135.068
745032	135.681
749834	136.038
754406	135.967
759885	136.578
764579	137.052
769260	137.589
773949	137.908
779624	138.336
784100	138.391
788794	138.646
793475	138.461
798952	138.689
803633	138.644
808375	138.575
813008	138.483
818482	137.830
823182	137.629
827856	136.629
832543	136.046
838015	135.435
842728	134.221
847401	133.523
852242	132.432
857546	131.631
862246	130.644
866927	130.069
871613	129.903
877080	129.560
881767	129.815
886453	129.645
891154	129.574
896615	129.896
901306	129.409
905996	129.403
911465	129.330
916155	129.580
920831	129.529
925522	129.519
931001	129.506
935678	129.509
940419	129.464
945062	129.854
950529	129.403
955213	129.651
959902	129.528
964589	129.398
970061	129.421
974744	128.923
979444	128.060
984128	126.446
989602	125.393
994278	124.949
998968	124.921
1003661	126.453
1009138	127.910
1013812	128.160
1018502	128.472
1023197	129.072
1028669	129.279
1033351	129.299
1038037	129.150
1042734	129.201
1048195	129.131
1052877	129.000
1057566	129.207
1062266	129.034
1067734	129.457
1072424	129.292
1077107	129.385
1081794	129.210
1087267	129.367
1091949	129.351
1096636	129.419
1101328	129.435
1106794	129.456
1111477	129.216
1116182	129.473
1120863	129.095
1126339	129.462
1131026	129.319
1135704	129.123
1141183	129.187
1145869	129.511
1150555	129.451
1155244	129.120
1160714	129.173
1165399	129.223
1170097	129.066
1174784	129.189
1180245	129.368
1184941	129.239
1189627	129.319
1194307	129.148
1199775	128.968
1204468	129.265
1209149	129.277
1213841	129.054
1219304	129.633
1223997	129.382
1228695	129.436
1233372	129.264
1238842	129.622
1243529	129.139
1248217	129.073
1252921	129.438
1258377	129.151
1263065	129.001
1267756	129.127
1272445	129.086
1277915	125.496
1282609	112.485
1287293	106.141
1291986	96.614
1297448	87.364
1302131	81.700
1306818	75.996
1311515	71.588
1316974	68.595
1321677	66.807
1326352	66.119
1331055	62.189
1336507	59.574
1341199	55.773
1345884	55.151
1350572	67.528
1356041	87.382
1360732	117.654
1365420	127.550
1370908	128.696
1375578	129.193
1380269	128.986
1384951	129.015
1390435	129.198
1395108	129.180
1399814	128.973
1404520	129.077
1409954	129.154
1414641	129.207
1419333	129.253
1424037	129.353
1429490	129.236
1434177	128.939
1438869	129.088
1443558	129.083
1449033	129.088
1453711	129.062
1458404	129.106
1463149	129.303
1468568	129.325
1473251	129.112
1477938	129.104
1482644	128.960
1488096	129.056
1492775	129.023
1497482	128.775
1502158	129.097
1507622	129.160
1512312	129.137
1517016	129.046
1521719	128.945
1527155	129.278
1531858	129.154
1536535	129.223
1541219	129.019
1546693	129.226
1551412	129.159
1556072	129.016
1560777	129.059
1566232	129.326
1570921	129.040
1575604	129.366
1580291	129.051
1585794	129.077
1590449	128.995
1595139	129.228
1599835	128.930
1605292	128.957
1609991	129.059
1614677	128.940
1620139	129.097
1624834	129.019
1629526	128.857
1634210	129.046
1639678	129.299
1644422	129.253
1649047	129.307
1653735	129.109
1659211	129.189
1663903	128.868
1668583	129.118
1673278	129.048
1678742	129.168
1683445	128.893
1688118	128.913
1692804	129.098
1698291	128.881
1703001	128.835
1707653	129.113
1712340	128.958
1717808	129.341
1722504	129.016
1727185	128.838
1731874	129.196
1737341	129.058
1742033	129.275
1746722	129.083
1751406	129.279
1756870	129.024
1761565	129.018
1766251	128.974
1770948	129.210
1776409	129.077
1781097	128.975
1785785	129.002
1790502	128.959
1795941	128.855
1800631	128.839
1805329	129.167
1810024	128.922
1815485	128.930
1820162	128.643
1824855	127.973
1829548	124.470
1835012	115.232
1839698	94.026
1844396	72.307
1849857	63.350
1854554	62.900
1859233	61.387
1863929	58.676
1869389	58.623
1874075	59.978
1878771	59.542
1883495	58.421
1888924	58.421
1893611	56.566
1898304	57.062
1902992	56.928
1908468	58.867
1913147	59.504
1917834	58.357
1922526	57.810
1927988	59.429
1932678	59.818
1937373	57.189
1942058	61.397
1947529	64.022
1952213	59.720
1956901	60.815
1961596	60.071
1967061	58.791
1971749	58.174
1976447	58.186
1981119	58.794
1986589	59.536
1991276	67.502
1995976	82.486
2000671	95.381
2006124	109.989
2010819	124.649
2015516	126.266
2020191	126.947
2025661	128.081
2030347	128.461
2035081	128.439
2039736	128.669
2045192	128.758
2049894	128.758
2054568	128.995
2059265	128.747
2064734	128.892
2069421	128.965
2074103	128.807
2079571	128.588
2084270	128.895
2088950	128.504
2093638	128.954
2099112	128.857
2103802	128.660
2108485	128.928
2113172	128.916
2118643	128.832
2123331	129.075
2128021	128.879
2132706	128.815
2138174	128.860
2142864	128.825
2147548	128.746
2152233	128.970
2157704	128.785
2162401	129.033
2167080	128.810
2171771	128.879
2177244	128.893
2181931	128.754
2186620	129.009
2191310	128.928
2196781	128.648
2201461	129.044
2206150	129.021
2210840	128.601
2216314	128.758
2221005	128.960
2225697	128.623
2230380	128.891
2235841	129.120
2240531	128.725
2245230	128.832
2249907	128.928
2255393	129.170
2260064	128.856
2264761	128.950
2269439	129.091
2274912	129.136
2279600	128.951
2284283	128.872
2288980	128.845
2294443	129.026
2299130	128.991
2303824	129.015
2309282	128.768
2313979	128.691
2318670	128.718
2323359	128.657
2328827	128.683
2333519	128.817
2338205	128.976
2342934	128.913
2348390	129.063
2353058	129.133
2357736	129.090
2362419	128.930
2367888	128.907
2372592	128.762
2377265	128.928
2381958	129.046
2387429	129.008
2392110	128.938
2396804	129.023
2401569	128.903
2406958	129.093
2411643	128.983
2416336	128.732
2421022	128.761
2426489	128.899
2431188	128.788
2435870	128.887
2440555	128.875
2446025	128.734
2450715	128.734
2455398	128.893
2460091	129.093
2465628	129.111
2470245	129.120
2474935	129.219
2479627	128.968
2485090	129.104
2489782	129.186
2494479	128.833
2499162	129.068
2504623	128.847
2509318	128.980
2514001	128.937
2518717	128.962
2524172	128.903
2528853	129.017
2533538	128.906
2538229	128.617
2543695	128.778
2548382	126.369
2553084	111.866
2558538	94.709
2563231	71.830
2567917	63.457
2572604	60.767
2578071	57.076
2582773	59.603
2587464	59.457
2592140	60.158
2597612	57.238
2602295	56.601
2606983	57.323
2611677	56.687
2617138	55.497
2621829	56.417
2626517	55.579
2631203	55.946
2636671	55.518
2641481	54.793
2646055	54.576
2650740	73.711
2656213	79.496
2660896	109.802
2665579	124.228
2670272	127.077
2675744	128.523
2680431	129.074
2685125	128.815
2689807	128.786
2695271	128.483
2700030	128.543
2704662	128.587
2709345	128.942
2714810	128.672
2719500	128.853
2724192	128.623
2728885	128.814
2734348	128.558
2739025	128.770
2743720	128.518
2748406	128.717
2753875	128.648
2758575	129.011
2763257	128.962
2767948	128.958
2773408	128.907
2778105	129.023
2782784	128.939
2788263	128.947
2792949	129.131
2797636	128.879
2802326	128.774
2807802	128.558
2812470	128.721
2817165	129.030
2821861	128.711
2827340	129.058
2832009	128.793
2836707	128.954
2841398	128.652
2846858	128.824
2851550	128.821
2856234	128.732
2860927	128.986
2866389	128.936
2871073	129.001
2875778	128.599
2880455	128.843
2885930	128.885
2890616	128.721
2895303	128.770
2900000	128.789
2905454	128.821
2910145	128.576
2914845	128.812
2919522	129.030
2925003	129.191
2929688	128.591
2934381	128.711
2939065	128.785
2944523	128.600
2949219	128.640
2953916	128.991
2958595	128.981
2964070	128.787
2968756	128.823
2973442	128.652
2978135	128.890
2983593	128.905
2988277	128.666
2992974	128.956
2997656	128.676
3003144	128.654
3007822	129.011
3012511	128.842
3017979	128.796
3022662	128.787
3027363	128.632
3032048	128.681
3037535	128.717
3042196	128.960
3046881	129.050
3051578	128.970
3057055	128.868
3061725	128.993
3066415	128.687
3071114	128.617
3076574	128.877
3081261	128.942
3085961	128.810
3090667	128.847
3096104	128.605
3100795	129.030
3105540	128.526
3110183	128.866
3115634	128.820
3120331	128.700
3125018	128.816
3129705	128.532
3135170	129.081
3139863	128.728
3144551	128.878
3149248	128.825
3154724	128.957
3159411	128.811
3164095	128.763
3168781	128.672
3174238	128.645
3178930	129.095
3183626	128.675
3188322	128.603
3193770	128.729
3198465	129.032
3203160	129.119
3207845	128.747
3213328	128.432
3218000	129.123
3222728	128.813
3227384	128.813
3232839	128.821
3237539	128.728
3242222	128.772
3246915	129.007
3252384	128.937
3257069	128.646
3261754	129.119
3267232	128.727
3271910	128.883
3276596	128.757
3281344	128.769
3286765	128.909
3291451	128.957
3296148	128.862
3300819	128.915
3306285	128.936
3310990	128.732
3315666	128.834
3320362	128.764
3325822	128.972
3330515	128.692
3335202	128.842
3339931	128.995
3345441	128.739
3350043	128.772
3354740	128.986
3359430	129.007
3364892	129.225
3369581	128.843
3374276	129.002
3378967	128.711
3384421	128.697
3389116	128.572
3393797	128.828
3398536	128.687
3403984	128.701
3408655	128.858
3413335	128.937
3418034	128.798
3423495	129.100
3428180	128.848
3432875	128.759
3437554	128.926
3443027	129.005
3447728	128.754
3452399	128.769
3457096	128.815
3462595	129.157
3467259	128.820
3471940	128.682
3476626	128.613
3482094	128.682
3486783	128.799
3491470	128.847
3496941	128.800
3501637	128.751
3506316	128.618
3511005	128.568
3516470	128.522
3521162	128.950
3525851	128.695
3530547	128.717
3536006	128.657
3540694	128.990
3545390	128.395
3550075	122.686
3555543	110.188
3560230	105.401
3564928	100.309
3569608	88.715
3575072	77.865
3579764	65.921
3584457	62.194
3589139	58.599
3594614	54.648
3599305	55.330
3603989	53.510
3608673	54.252
3614140	63.245
3618833	95.926
3623523	107.351
3628206	123.354
3633670	126.573
3638362	127.732
3643054	128.124
3647752	128.199
3653213	128.746
3657899	128.844
3662579	128.681
3667276	128.596
3672744	128.558
3677430	128.466
3682118	128.797
3686806	128.325
3692287	128.377
3696964	128.366
3701659	128.392
3706343	128.334
3711813	128.683
3716500	128.325
3721190	128.642
3726654	128.632
3731342	128.625
3736034	128.479
3740728	128.648
3746189	128.753
3750871	128.317
3755576	128.449
3760254	128.594
3765723	128.826
3770408	128.688
3775119	128.753
3779797	128.582
3785257	128.668
3789946	128.723
3794631	128.407
3799325	128.774
3804792	128.586
3809475	128.815
3814176	128.593
3818859	128.495
3824331	128.526
3829029	128.666
3833706	128.383
3838393	128.464
3843862	128.801
3848548	128.809
3853234	128.634
3857924	128.825
3863393	128.650
3868093	128.533
3872778	128.478
3877451	128.709
3882925	128.697
3887623	128.701
3892308	128.635
3896998	128.605
3902467	128.532
3907159	128.685
3911842	128.699
3916529	128.755
3921991	128.918
3926698	128.375
3931381	128.854
3936060	128.364
3941532	128.909
3946212	128.702
3950906	128.750
3955600	128.640
3961062	128.595
3965750	128.637
3970433	128.425
3975910	128.713
3980599	128.953
3985278	128.694
3989969	128.571
3995439	128.706
4000130	129.037
4004819	128.735
4009508	128.614
4014970	128.523
4019664	128.732
4024360	128.500
4029041	128.358
4034511	128.515
4039201	128.562
4043883	128.726
4048569	128.645
4054042	128.768
4058730	128.742
4063421	128.367
4068120	128.513
4073578	128.538
4078274	128.474
4082947	128.594
4087652	128.725
4093109	128.530
4097797	128.675
4102524	128.711
4107171	128.912
4112647	128.729
4117327	128.358
4122018	128.540
4126708	128.443
4132184	128.546
4136867	128.611
4141552	128.658
4146257	128.709
4151707	128.603
4156402	128.585
4161131	128.590
4165780	128.554
4171252	128.340
4175928	128.695
4180631	128.607
4185315	128.647
4190777	128.597
4195466	128.852
4200155	128.703
4205636	128.501
4210309	128.764
4215003	128.458
4219695	128.564
4225196	128.758
4229847	128.443
4234536	128.666
4239246	128.442
4244694	128.915
4249377	128.799
4254071	128.448
4258753	128.611
4264223	128.728
4268922	128.440
4273595	128.658
4278299	128.487
4283760	128.316
4288453	128.530
4293132	128.824
4297819	128.353
4303290	128.503
4307983	128.750
4312673	128.664
4317367	128.482
4322821	128.424
4327516	127.996
4332198	127.880
4336892	128.254
4342421	127.984
4347056	128.246
4351737	127.770
4356428	120.064
4361888	110.013
4366579	99.526
4371277	81.621
4375967	67.211
4381424	61.466
4386113	58.834
4390800	59.058
4395492	58.503
4400962	55.603
4405649	53.495
4410336	58.131
4415032	60.885
4420493	69.718
4425182	72.019
4429868	79.344
4435350	83.701
4440022	86.731
4444723	94.650
4449402	110.744
4454881	113.838
4459562	113.411
4464255	125.372
4468945	127.926
4474411	128.499
4479097	128.507
4483783	128.484
4488478	128.482
4493939	128.749
4498640	128.556
4503328	128.478
4508020	128.575
4513472	128.618
4518171	128.662
4522858	128.719
4527543	128.517
4533009	128.661
4537707	128.828
4542381	128.692
4547069	128.734
4552549	128.560
4557238	128.599
4561928	128.625
4566613	128.681
4572090	128.631
4576762	128.940
4581452	128.460
4586140	128.567
4591607	128.757
4596294	128.842
4600988	128.932
4605696	128.760
4611144	128.447
4615836	128.900
4620528	128.610
4625308	128.585
4630672	128.834
4635366	128.711
4640061	128.754
4644738	128.440
4650214	128.390
4654893	128.541
4659589	128.844
4665063	128.627
4669760	128.894
4674441	128.562
4679119	128.597
4684587	128.803
4689291	128.521
4693970	128.665
4698654	128.655
4704127	128.553
4708816	128.644
4713504	128.761
4718188	128.746
4723655	128.634
4728358	128.874
4733031	128.492
4737729	128.400
4743192	128.757
4747874	128.631
4752577	128.451
4757265	128.647
4762724	128.497
4767408	128.546
4772098	128.589
4776788	128.764
4782253	128.123
4786951	126.452
4791639	121.288
4796357	120.005
4801795	116.712
4806487	112.648
4811167	107.343
4815854	108.800
4821322	105.999
4826018	101.949
4830699	96.993
4835394	94.744
4840855	89.614
4845552	80.892
4850232	77.311
4854933	84.346
4860396	102.305
4865129	121.533
4869780	125.977
4874459	127.097
4879935	126.997
4884615	127.373
4889306	127.389
4893997	128.134
4899469	127.864
4904152	128.236
4908840	128.330
4914309	128.493
4919001	128.138
4923676	128.417
4928371	128.666
4933851	128.333
4938545	128.254
4943216	128.500
4947915	128.500
4953380	128.464
4958068	128.580
4962746	128.515
4967436	128.691
4972910	128.314
4977589	128.536
4982352	128.387
4986978	128.198
4992442	128.564
4997129	128.425
5001816	128.417
5006508	128.609
5011979	128.622
5016667	128.491
5021352	128.481
5026047	128.520
5031509	128.242
5036195	128.607
5040890	128.407
5045581	128.418
5051042	128.557
5055740	128.356
5060420	128.446
5065114	128.538
5070579	128.437
5075266	128.344
5079952	128.231
5084645	128.232
5090109	128.595
5094793	128.442
5099490	128.443
5104179	128.891
5109645	128.679
5114333	128.496
5119023	128.623
5123719	128.521
5129187	128.715
5133864	128.485
5138554	128.624
5144036	128.493
5148713	128.518
5153412	128.560
5158089	128.628
5163595	128.539
5168250	128.366
5172936	128.577
5177620	128.711
5183095	128.882
5187778	128.564
5192465	128.730
5197168	128.663
5202636	128.783
5207313	128.691
5212009	128.552
5216701	128.485
5222195	128.580
5226849	128.688
5231535	128.582
5236230	128.494
5241692	128.785
5246377	128.724
5251077	128.328
5255749	128.537
5261219	128.725
5265912	128.721
5270605	128.440
5275290	128.803
5280765	128.778
5285450	128.696
5290135	128.828
5294836	128.477
5300292	128.636
5304988	128.491
5309670	128.688
5314355	128.679
5319829	128.570
5324513	128.352
5329216	128.656
5333898	128.677
5339361	128.705
5344043	128.681
5348745	128.485
5353429	128.440
5358900	128.340
5363581	128.626
5368279	128.701
5373741	128.658
5378435	128.667
5383115	128.534
5387806	128.515
5393273	128.541
5397968	128.856
5402659	128.532
5407342	128.724
5412804	128.728
5417507	128.636
5422183	128.765
5426878	128.551
5432344	128.668
5437037	128.579
5441715	128.477
5446423	128.692
5451878	128.746
5456559	128.546
5461246	128.946
5465960	128.670
5471407	128.591
5476092	128.317
5480783	128.643
5485473	128.415
5490937	128.770
5495630	128.779
5500318	128.796
5505002	128.525
5510469	128.592
5515173	128.640
5519864	128.423
5524545	128.468
5530004	128.264
5534694	128.903
5539385	128.722
5544073	128.536
5549550	128.792
5554235	128.718
5558928	128.664
5563685	128.661
5569088	128.585
5573781	128.775
5578465	128.612
5583144	128.616
5588611	128.705
5593306	128.556
5597982	128.770
5602673	128.542
5608141	128.383
5612842	128.611
5617523	128.379
5622989	127.942
5627677	125.417
5632377	116.098
5637054	108.073
5642518	96.439
5647212	72.325
5651909	66.514
5656596	60.713
5662054	58.943
5666746	59.203
5671441	59.068
5676133	58.003
5681591	60.089
5686290	66.407
5690976	66.482
5695657	75.103
5701130	75.230
5705824	78.186
5710528	72.723
5715190	84.399
5720659	106.374
5725347	112.308
5730042	108.999
5734729	111.097
5740193	120.303
5744880	124.605
5749567	125.327
5754258	123.697
5759726	123.248
5764410	123.031
5769109	122.281
5773819	121.462
5779266	121.870
5783959	122.244
5788635	123.259
5793322	124.166
5798793	125.683
5803513	125.819
5808169	126.262
5812864	125.944
5818326	125.604
5823026	126.194
5827703	126.231
5832397	126.252
5837865	126.025
5842546	127.354
5847245	128.588
5852704	128.507
5857408	128.538
5862169	128.715
5866769	128.575
5872243	128.562
5876934	128.514
5881620	128.523
5886309	128.340
5891774	128.634
5896460	128.473
5901155	128.675
5905835	128.586
5911315	128.668
5915991	128.531
5920692	128.544
5925370	128.493
5930838	128.593
5935530	128.269
5940216	128.460
5944915	128.335
5950378	128.652
5955063	128.690
5959749	128.609
5964448	128.671
5969914	128.609
5974592	128.494
5979292	128.541
5983975	128.814
5989445	128.440
5994135	128.866
5998816	128.447
6003509	128.555
6008978	128.659
6013661	128.386
6018361	128.799
6023041	128.634
6028512	128.486
6033200	128.478
6037900	128.747
6042572	128.550
6048053	128.703
6052736	128.886
6057433	128.617
6062107	128.309
6067574	128.868
6072265	128.361
6076953	128.684
6082421	128.634
6087107	128.492
6091794	128.621
6096498	128.716
6101956	128.765
6106642	128.737
6111339	128.598
6116023	128.485
6121487	128.699
6126177	128.638
6130869	128.536
6135564	128.400
6141027	128.877
6145709	128.656
6150398	128.699
6155095	128.303
6160558	128.468
6165265	128.207
6169936	127.971
6174627	128.236
6180096	128.474
6184791	128.725
6189475	128.289
6194154	128.583
6199624	127.616
6204311	127.006
6209001	127.232
6213693	127.581
6219175	126.982
6223840	124.748
6228536	118.776
6233217	118.132
6238693	116.980
6243385	115.150
6248074	107.193
6252753	88.784
6258223	75.377
6262930	66.695
6267606	63.133
6272287	57.678
6277769	58.244
6282453	60.182
6287146	59.854
6291849	59.880
6297289	59.867
6301982	59.866
6306673	58.803
6312134	59.574
6316835	59.629
6321519	59.073
6326201	57.496
6331672	57.901
6336368	59.447
6341053	77.946
6345746	109.219
6351213	120.174
6355893	122.326
6360583	124.342
6365271	126.731
6370747	127.643
6375429	127.788
6380122	127.982
6384815	128.339
6390267	128.537
6394974	128.225
6399653	128.504
6404343	128.547
6409828	128.260
6414512	128.087
6419191	128.137
6423870	128.501
6429346	128.333
6434045	128.219
6438715	128.445
6443469	128.485
6448885	128.436
6453572	128.446
6458251	128.607
6462941	128.396
6468407	128.186
6473091	128.462
6477784	128.477
6482475	128.321
6487947	128.248
6492640	128.354
6497317	128.326
6502039	128.346
6507485	128.258
6512162	128.248
6516856	128.637
6521539	128.319
6527013	128.172
6531701	128.617
6536384	128.283
6541077	128.845
6546555	128.509
6551228	128.550
6555915	128.298
6561389	128.354
6566123	128.440
6570764	128.447
6575450	128.447
6580923	128.528
6585607	128.714
6590304	128.493
6594984	128.319
6600465	128.592
6605173	128.427
6609835	128.630
6614526	128.430
6619986	128.550
6624732	128.379
6629373	128.169
6634065	128.446
6639518	128.423
6644229	128.570
6648898	128.659
6653601	128.450
6659054	128.242
6663744	128.502
6668434	128.309
6673122	128.281
6678598	128.365
6683283	128.275
6687968	127.715
6692662	125.438
6698124	114.115
6702815	105.008
6707502	92.990
6712190	75.695
6717658	70.699
6722345	68.393
6727036	63.906
6731720	61.174
6737189	59.932
6741881	57.624
6746571	57.231
6751253	60.491
6756723	60.768
6761411	60.068
6766117	59.296
6770792	60.750
6776270	60.675
6780944	59.583
6785631	61.259
6791101	60.770
6795788	59.746
6800479	59.660
6805169	60.509
6810639	59.933
6815329	60.748
6820015	62.099
6824704	61.960
6830185	64.173
6834855	62.128
6839557	68.775
6844241	69.866
6849713	78.996
6854398	77.450
6859084	78.524
6863778	101.342
6869242	113.391
6873927	116.361
6878631	124.283
6883307	126.879
6888773	128.147
6893463	128.393
6898159	128.478
6902836	128.356
6908308	128.603
6912994	128.631
6917684	128.457
6922376	128.594
6927845	128.289
6932530	128.495
6937227	128.539
6941913	128.441
6947381	128.379
6952070	128.323
6956748	128.518
6961441	128.952
6966907	128.472
6971597	128.470
6976293	128.175
6980984	128.777
6986446	128.487
6991137	128.148
6995815	128.563
7000513	128.417
7005973	128.723
7010666	128.648
7015351	128.401
7020825	128.435
7025508	128.638
7030195	128.598
7034888	128.488
7040360	128.470
7045048	128.732
7049745	128.605
7054427	128.783
7059886	128.717
7064576	128.493
7069263	128.610
7073958	128.432
7079419	128.607
7084114	128.475
7088841	128.846
7093495	128.672
7098955	128.726
7103639	128.716
7108335	128.728
7113018	128.675
7118497	128.480
7123186	128.621
7127877	128.425
7132560	128.536
7138036	128.542
7142710	128.690
7147429	128.811
7152089	128.802
7157557	128.341
7162246	128.377
7166937	128.763
7171619	128.702
7177089	128.581
7181776	128.709
7186473	128.617
7191165	128.460
7196626	128.741
7201314	128.281
7206005	128.705
7210687	128.711
7216161	128.659
7220846	128.400
7225550	128.744
7230221	128.711
7235691	128.707
7240373	128.648
7245067	128.238
7249759	128.732
7255221	128.258
7259909	128.385
7264619	128.513
7270065	128.375
7274766	128.295
7279452	128.732
7284136	128.383
7289601	128.346
7294293	128.723
7298994	128.729
7303666	128.666
7309149	128.817
7313831	128.596
7318513	128.703
7323202	128.643
7328683	128.366
7333368	128.523
7338052	128.858
7342739	128.419
7348214	128.392
7352908	128.529
7357583	128.256
7362272	128.295
7367738	128.621
7372425	128.614
7377113	128.791
7381829	128.397
7387281	128.550
7391972	128.781
7396649	128.654
7401340	128.404
7406812	128.356
7411494	128.744
7416185	128.391
7420876	128.298
7426336	128.537
7431026	128.507
7435714	128.311
7440404	128.442
7445904	128.301
7450566	127.550
7455259	127.052
7459948	126.415
7465412	122.197
7470110	118.656
7474785	118.029
7479472	117.685
7484940	103.121
7489633	81.360
7494315	67.737
7499790	60.879
7504490	60.916
7509165	56.802
7513862	58.757
7519315	58.127
7524019	58.130
7528710	57.846
7533384	58.872
7538865	59.328
7543542	58.307
7548236	57.438
7552927	56.823
7558397	56.919
7563103	55.932
7567774	55.530
7572447	55.887
7577923	56.708
7582605	58.164
7587298	57.750
7591984	58.061
7597464	57.980
7602143	62.034
7606835	61.622
7611528	60.017
7616988	62.789
7621750	62.767
7626365	62.681
7631055	61.226
7636523	79.523
7641211	86.060
7645898	96.451
7650599	108.408
7656056	117.752
7660743	126.136
7665431	128.161
7670121	128.349
7675590	128.420
7680278	128.385
7684969	128.451
7689653	128.393
7695136	128.564
7699813	128.512
7704509	128.450
7709216	128.293
7714667	128.315
7719344	128.455
7724040	128.276
7729501	128.475
7734188	128.672
7738894	128.360
7743568	128.633
7749039	128.532
7753729	128.284
7758412	128.836
7763105	128.486
7768578	128.476
7773264	128.389
7777951	128.446
7782635	128.328
7788107	128.447
7792797	128.397
7797483	128.602
7802178	128.437
7807638	128.259
7812331	128.491
7817025	128.400
7821703	128.412
7827176	128.295
7831860	128.604
7836557	128.546
7841240	128.303
7846705	128.550
7851392	128.479
7856089	128.283
7860775	128.397
7866246	128.622
7870928	128.708
7875620	128.459
7880313	128.356
7885784	128.586
7890474	128.615
7895146	128.681
7899839	128.664
7905303	128.399
7909993	128.680
7914685	128.366
7919377	128.725
7924845	128.498
7929528	128.558
7934218	128.723
7938927	128.552
7944374	128.365
7949077	128.750
7953760	128.601
7958446	128.384
7963906	128.483
7968599	128.676
7973284	128.878
7978756	128.760
7983441	128.327
7988142	128.714
7992816	128.555
7998283	128.498
8002975	128.585
8007668	128.444
8012352	128.589
8017820	128.731
8022515	128.615
8027206	128.588
8031886	128.497
8037357	128.651
8042041	128.785
8046733	128.524
8051424	128.205
8056888	128.507
8061575	128.652
8066259	128.648
8070957	128.409
8076440	128.177
8081113	128.457
8085813	128.475
8090486	128.351
8095956	128.300
8100644	127.902
8105333	128.102
8110024	123.043
8115484	105.901
8120181	82.633
8124870	62.803
8129574	55.481
8135024	54.182
8139736	53.858
8144402	54.556
8149093	55.830
8154550	55.182
8159242	54.677
8163944	56.900
8168646	68.287
8174108	72.730
8178786	71.850
8183469	69.860
8188155	75.889
8193626	63.152
8198312	55.501
8203051	52.760
8208470	53.179
8213162	52.555
8217857	52.221
8222544	52.395
8228004	53.296
8232694	54.538
8237384	54.803
8242076	53.707
8247534	53.153
8252249	54.958
8256913	56.140
8261734	62.458
8267072	73.378
8271763	77.296
8276449	83.426
8281140	93.453
8286613	92.758
8291300	93.371
8295987	97.268
8300676	103.073
8306141	112.585
8310831	118.260
8315512	121.591
8320210	122.063
8325709	122.003
8330365	122.044
8335050	121.905
8339740	121.874
8345222	122.566
8349892	122.843
8354587	122.920
8359280	123.040
8364742	122.909
8369435	123.329
8374121	124.119
8378802	126.330
8384338	127.598
8388964	128.222
8393650	127.975
8398342	128.189
8403813	128.091
8408493	128.222
8413187	127.943
8417875	128.228
8423348	127.813
8428028	128.101
8432721	128.085
8438192	128.312
8442881	127.886
8447561	127.940
8452250	128.255
8457723	128.279
8462407	127.909
8467126	128.139
8471783	127.993
8477261	127.962
8481941	127.883
8486632	127.705
8491315	127.826
8496784	127.650
8501525	127.999
8506173	127.725
8510861	127.726
8516346	127.962
8521019	127.898
8525699	128.148
8530395	128.272
8535856	128.217
8540558	127.895
8545233	127.780
8549924	128.136
8555391	128.115
8560074	128.168
8564768	128.081
8569457	128.394
8574923	128.195
8579612	128.138
8584304	127.906
8588998	128.527
8594457	128.307
8599155	128.254
8603843	128.214
8608546	128.348
8613991	128.168
8618677	128.190
8623371	127.981
8628062	128.423
8633524	128.154
8638221	128.154
8642900	127.887
8647596	128.363
8653071	128.284
8657750	128.226
8662432	128.186
8667901	127.976
8672591	128.074
8677287	127.821
8681973	128.189
8687441	128.000
8692127	128.042
8696812	128.081
8701504	128.298
8706967	127.991
8711661	127.799
8716360	127.465
8721045	127.278
8726511	127.672
8731187	128.166
8735877	128.205
8740572	126.994
8746036	114.911
8750734	106.281
8755423	80.007
8760105	60.071
8765580	55.550
8770263	56.713
8774963	57.201
8779642	58.624
8785099	63.455
8789800	63.772
8794477	65.015
8799180	69.617
8804653	80.663
8809328	92.342
8814035	94.731
8818710	99.413
8824177	109.662
8828874	114.838
8833550	120.720
8838252	125.485
8843706	127.258
8848476	128.044
8853087	128.147
8857767	128.448
8863239	128.344
8867936	128.516
8872628	128.299
8877308	128.313
8882795	128.171
8887459	128.809
8892149	128.458
8896843	128.360
8902309	128.371
8907036	128.472
8911689	128.385
8917213	128.123
8921846	128.499
8926537	128.450
8931244	128.146
8936744	128.392
8941371	128.630
8946063	128.546
8950755	128.425
8956275	128.230
8960914	128.703
8965613	128.294
8970292	128.507
8975873	128.424
8980445	128.391
8985134	128.665
8989823	128.460
8995405	128.196
8999974	128.485
9004663	128.426
9009368	128.339
9014936	128.498
9019512	128.567
9024218	128.374
9028898	128.363
9034467	128.642
9039054	128.397
9043738	128.724
9048426	128.445
9053931	128.395
9058578	128.585
9063265	128.350
9067956	128.431
9073463	128.455
9078115	128.434
9082802	128.446
9087487	128.530
9093061	128.404
9097644	128.361
9102331	128.521
9107029	128.142
9112599	128.379
9117176	128.404
9121865	128.469
9126555	128.531
9132056	128.323
9136710	128.592
9141474	128.383
9146892	128.668
9151588	128.508
9156247	128.302
9160934	127.717
9166405	128.462
9171186	128.554
9175787	128.232
9180466	128.177
9185935	125.515
9190717	106.679
9195328	83.286
9200013	65.360
9205502	57.234
9210182	53.599
9214856	52.652
9219540	53.899
9225003	56.649
9229780	69.048
9234389	100.323
9239083	116.923
9244538	120.754
9249244	121.385
9253918	123.259
9258605	124.565
9264080	126.924
9268775	128.142
9273449	128.137
9278135	128.496
9283603	128.348
9288307	128.252
9292981	128.344
9297674	128.460
9303142	128.374
9307838	128.474
9312515	128.668
9317210	128.299
9322702	128.456
9327436	128.412
9332047	128.392
9336737	128.521
9342205	128.223
9346967	128.255
9351591	128.762
9356269	128.286
9361744	128.150
9366499	128.354
9371116	128.398
9376592	128.501
9381270	128.423
9385963	128.570
9390659	128.448
9396128	128.426
9400808	128.590
9405502	128.354
9410191	128.439
9415657	128.402
9420350	128.671
9425031	128.551
9429718	128.383
9435213	128.499
9439872	128.569
9444569	128.440
9449253	128.491
9454727	128.512
9459410	128.485
9464155	128.588
9468788	128.629
9474254	128.683
9478951	128.534
9483637	128.280
9488318	128.457
9493795	128.539
9498477	128.479
9503218	128.543
9507854	128.358
9513335	128.575
9518005	128.695
9522698	128.476
9527390	128.404
9532857	128.442
9537548	128.270
9542280	128.405
9546919	128.541
9552388	128.297
9557086	128.555
9561774	128.362
9566455	128.249
9571926	128.519
9576620	128.579
9581303	128.407
9585991	128.354
9591455	128.344
9596157	128.510
9600874	128.634
9605590	128.714
9610995	128.741
9615683	128.607
9620375	128.587
9625834	128.615
9630531	128.450
9635218	128.558
9639901	128.340
9645371	128.689
9650067	128.635
9654749	128.819
9659468	128.557
9664905	128.213
9669612	128.487
9674294	128.254
9678981	128.472
9684441	128.541
9689131	128.512
9693811	128.772
9698511	128.529
9703968	128.511
9708665	128.580
9713348	128.175
9718039	128.175
9723500	128.564
9728211	128.493
9732887	128.385
9737593	128.285
9743047	128.496
9747728	128.328
9752446	128.546
9757109	128.650
9762578	128.254
9767270	127.844
9771950	127.058
9776655	125.924
9782108	115.290
9786841	104.234
9791479	91.936
9796186	75.102
9801643	67.349
9806331	69.511
9811042	68.307
9815706	68.991
9821173	71.560
9825877	83.256
9830569	104.005
9835247	102.522
9840712	108.892
9845422	116.089
9850083	116.226
9855561	110.286
9860249	107.914
9864931	108.803
9869629	114.876
9875089	122.089
9879777	126.632
9884470	127.734
9889151	128.210
9894623	128.101
9899321	128.605
9904050	128.489
9908697	128.454
9914152	128.532
9918847	128.212
9923537	128.230
9928230	128.249
9933686	128.398
9938373	128.693
9943063	128.374
9947766	128.450
9953219	128.540
9957908	128.397
9962678	128.563
9967291	128.737
9972752	128.550
9977446	128.730
9982131	128.623
9986821	128.613
9992296	128.506
9996982	128.493
10001666	128.519
10006350	128.295
10011832	128.413
10016522	128.444
10021201	128.344
10025898	128.223
10031360	128.522
10036042	128.426
10040731	128.534
10045420	128.707
10050893	128.347
10055575	128.516
10060278	128.350
10064959	128.460
10070432	128.503
10075115	128.100
10079809	128.360
10085316	128.454
10089968	128.205
10094646	128.668
10099334	128.340
10104805	128.456
10109494	128.473
10114183	128.624
10118876	128.589
10124339	128.431
10129025	128.209
10133711	128.442
10138405	128.401
10143867	128.593
10148569	128.521
10153243	128.360
10157940	128.342
10163408	128.523
10168100	127.934
10172781	128.237
10177468	128.143
10182943	127.335
10187644	119.666
10192313	90.562
10197009	71.954
10202472	61.081
10207161	55.701
10211854	51.784
10216541	52.033
10222005	53.493
10226693	55.182
10231381	55.328
10236076	58.615
10241543	80.338
10246235	102.581
10250912	118.224
10255607	120.988
10261074	123.610
10265769	126.450
10270453	127.501
10275148	128.075
10280613	128.289
10285304	128.342
10289985	128.225
10294672	128.074
10300141	128.262
10304828	128.322
10309525	128.330
10314982	128.321
10319677	128.358
10324385	128.405
10329059	128.374
10334517	128.685
10339214	128.530
10343906	128.599
10348584	128.094
10354056	128.514
10358760	128.327
10363445	128.550
10368152	128.242
10373590	128.507
10378275	128.279
10382969	128.567
10387658	128.344
10393126	128.410
10397809	128.390
10402506	128.527
10407191	128.297
10412665	128.184
10417346	128.396
10422031	128.505
10426720	128.556
10432183	128.427
10436883	128.492
10441567	128.096
10446256	128.326
10451734	128.264
10456411	128.463
10461103	128.450
10465791	128.387
10471261	128.159
10475952	128.288
10480634	128.361
10485338	128.397
10490835	128.409
10495477	128.481
10500182	128.289
10504856	128.368
10510325	128.433
10515024	128.511
10519698	128.340
10524405	128.323
10529865	128.347
10534543	128.529
10539235	128.414
10543997	128.448
10549389	128.181
10554075	128.335
10558773	128.428
10564237	128.293
10568928	128.360
10573620	128.413
10578306	128.675
10583790	128.319
10588473	128.142
10593148	128.204
10597836	128.380
10603310	128.461
10607997	128.511
10612688	128.226
10617379	128.366
10622858	128.505
10627530	128.410
10632211	128.202
10636903	128.218
10642374	128.556
10647061	128.192
10651751	128.062
10656440	127.613
10661901	128.244
10666649	128.056
10671288	126.919
10675973	127.504
10681454	127.513
10686125	127.585
10690825	126.845
10695522	127.272
10700973	127.480
10705662	127.360
10710354	127.744
10715035	127.468
10720514	128.020
10725228	127.915
10729883	127.823
10734573	127.966
10740042	128.093
10744722	127.970
10749419	127.943
10754118	127.844
10759577	128.173
10764263	128.205
10768960	127.928
10773638	127.939
10779119	128.021
10783807	128.395
10788485	128.253
10793949	128.011
10798644	128.175
10803329	128.199
10808027	128.411
10813503	128.262
10818177	128.289
10822865	128.301
10827550	128.175
10833026	128.263
10837710	128.287
10842392	128.283
10847082	128.313
10852568	128.423
10857248	128.323
10861927	128.086
10866619	128.409
10872099	128.301
10876787	128.233
10881472	128.063
10886148	128.173
10891624	128.441
10896306	128.012
10900999	128.586
10905692	128.299
10911154	128.087
10915843	128.199
10920533	128.291
10925227	128.167
10930705	127.997
10935381	128.170
10940074	127.745
10944753	128.160
10950223	127.980
10954909	127.472
10959601	126.734
10964293	117.972
10969760	109.638
10974448	102.591
10979145	97.989
10983829	100.452
10989311	93.240
10993980	88.092
10998669	81.489
11003366	76.734
11008822	75.146
11013510	77.974
11018203	87.564
11023682	101.832
11028366	115.602
11033054	121.509
11037736	126.132
11043202	126.847
11047904	127.014
11052584	127.362
11057286	127.020
11062746	127.030
11067467	126.970
11072107	127.414
11076811	127.756
11082278	127.770
11086961	128.007
11091663	127.911
11096349	128.118
11101822	127.991
11106492	128.023
11111183	127.731
11115883	128.060
11121339	128.138
11126024	128.080
11130747	128.042
11135412	127.942
11140873	127.783
11145573	128.026
11150247	128.350
11154946	128.000
11160411	128.201
11165092	128.044
11169781	127.796
11174484	128.212
11179934	127.987
11184627	128.246
11189324	128.278
11194035	127.811
11199471	128.363
11204168	128.121
11208850	128.257
11213555	128.179
11219004	127.976
11223707	128.408
11228395	128.226
11233088	128.146
11238539	128.156
11243242	127.977
11247959	128.154
11252619	128.344
11258085	128.414
11262771	128.182
11267452	128.225
11272918	128.363
11277610	128.323
11282298	128.345
11286996	128.004
11292461	128.044
11297163	128.399
11301829	128.026
11306539	128.513
11311987	128.414
11316675	128.225
11321378	128.355
11326067	128.211
11331524	128.066
11336216	128.171
11340905	128.208
11345595	128.266
11351061	128.316
11355747	128.242
11360433	128.452
11365163	128.056
11370599	128.238
11375271	128.274
11379963	128.316
11384652	128.134
11390119	128.083
11394821	128.413
11399498	128.306
11404192	128.115
11409657	128.371
11414346	128.253
11419031	128.310
11423723	128.398
11429207	128.175
11433898	128.299
11438565	128.364
11443265	128.028
11448723	128.179
11453414	128.185
11458102	128.301
11462789	128.530
11468256	128.147
11472957	128.095
11477642	128.393
11482379	128.095
11487832	128.099
11492479	128.544
11497169	128.083
11502643	128.224
11507331	128.233
11512027	128.283
11516700	128.383
11522175	128.291
11526858	128.332
11531551	128.186
11536246	128.229
11541701	128.046
11546398	128.574
11551079	128.325
11555789	128.228
11561233	128.483
11565927	128.469
11570634	128.047
11575327	128.183
11580786	128.140
11585461	128.184
11590148	128.050
11594843	128.192
11600320	127.498
11605051	127.951
11609685	127.266
11614382	120.821
11619840	109.246
11624528	91.394
11629218	64.928
11633911	62.503
11639377	57.915
11644064	57.977
11648745	56.644
11653438	56.043
11658913	59.172
11663593	63.841
11668278	66.231
11672975	65.480
11678444	92.358
11683124	93.221
11687819	96.678
11692505	104.119
11697979	112.774
11702662	117.826
11707350	124.497
11712033	127.441
11717510	128.178
11722205	128.045
11726884	128.139
11732353	127.975
11737038	128.277
11741732	128.255
11746436	128.146
11751882	128.435
11756571	128.665
11761273	128.264
11765952	128.195
11771422	128.524
11776105	128.424
11780796	128.457
11785488	128.172
11790961	128.328
11795643	128.449
11800327	128.577
11805023	128.315
11810488	128.344
11815178	128.201
11819879	128.411
11824558	128.314
11830017	128.474
11834708	128.710
11839406	128.351
11844097	128.308
11849557	128.395
11854249	128.491
11858938	128.389
11863631	128.269
11869101	128.258
11873795	128.165
11878473	128.527
11883149	128.368
11888618	128.562
11893308	128.194
11897997	128.544
11902701	128.434
11908157	128.632
11912844	128.689
11917537	128.389
11922229	128.201
11927689	128.360
11932382	128.275
11937086	128.321
11941762	128.443
11947233	128.566
11951908	128.630
11956611	128.601
11962068	128.454
11966759	128.017
11971454	127.572
11976150	127.969
11981602	128.042
11986293	126.465
11990976	120.576
11995673	114.964
12001141	109.295
12005823	103.266
12010515	82.028
12015216	70.225
12020671	63.886
12025364	62.346
12030045	59.396
12034734	54.950
12040200	59.852
12044896	59.299
12049591	57.008
12054273	57.419
12059742	58.378
12064428	58.415
12069110	58.996
12073817	60.478
12079267	60.583
12083960	59.487
12088651	63.131
12093343	64.970
12098803	79.470
12103498	88.236
12108183	94.997
12112871	94.253
12118340	93.150
12123022	101.293
12127723	110.274
12132404	114.797
12137872	120.722
12142561	125.139
12147260	126.250
12151942	127.624
12157410	128.119
12162092	128.347
12166784	128.215
12171476	128.099
12176947	128.326
12181634	128.526
12186354	128.218
12191011	128.428
12196474	128.056
12201169	128.470
12205856	128.488
12211323	128.373
12216023	128.405
12220694	128.179
12225386	128.313
12230859	128.552
12235546	128.220
12240229	128.577
12244997	128.228
12250474	128.420
12255075	128.277
12259764	128.030
12264453	128.175
12269934	128.560
12274609	128.242
12279306	128.526
12283984	128.115
12289454	128.075
12294146	128.329
12298845	128.134
12303524	128.272
12309029	128.256
12313674	128.509
12318361	128.290
12323060	128.156
12328523	128.406
12333215	128.287
12337907	128.301
12342585	127.948
12348060	127.952
12352745	126.977
12357441	122.334
12362198	112.703
12367714	111.396
12372294	104.472
12376977	75.442
12381655	62.697
12387145	49.056
12391837	52.519
12396507	61.087
12401192	60.397
12406657	59.317
12411352	59.628
12416029	61.882
12420751	62.216
12426242	60.995
12430875	58.121
12435574	57.357
12441033	57.527
12445723	64.043
12450428	69.644
12455114	80.846
12460588	105.468
12465262	123.365
12469945	126.205
12474631	127.234
12480102	127.736
12484869	127.813
12489489	127.944
12494174	127.971
12499644	128.193
12504322	128.258
12509011	128.391
12513704	128.081
12519172	128.293
12523853	128.038
12528554	128.283
12533237	128.209
12538706	128.447
12543391	128.183
12548091	128.438
12552778	128.369
12558239	128.385
12562944	128.290
12567620	128.277
12572310	128.115
12577776	128.315
12582462	128.311
12587155	128.158
12591831	128.400
12597305	128.360
12601996	128.372
12606686	128.380
12611372	128.459
12616838	128.280
12621544	128.462
12626216	128.115
12630912	128.303
12636372	128.576
12641091	128.350
12645749	128.368
12650446	128.425
12655903	128.415
12660601	128.315
12665285	128.438
12670752	128.365
12675437	128.146
12680129	128.234
12684813	128.363
12690285	128.250
12694975	128.191
12699667	128.197
12704353	128.269
12709821	128.322
12714514	128.400
12719197	128.396
12723893	128.228
12729371	128.437
12734041	128.361
12738733	128.340
12743429	128.640
12748890	128.548
12753576	128.232
12758268	128.369
12762956	128.319
12768422	128.477
12773103	128.389
12777809	128.403
12782488	128.197
12787953	128.204
12792645	128.270
12797330	128.562
12802016	128.411
12807493	128.238
12812178	128.096
12816870	128.301
12821553	128.356
12827016	128.336
12831740	128.238
12836396	128.571
12841096	128.318
12846555	128.313
12851249	128.578
12855943	128.296
12860617	128.568
12866089	128.185
12870778	128.289
12875468	128.248
12880155	128.160
12885632	128.030
12890375	128.044
12895005	127.791
12899701	123.455
12905169	111.060
12909852	105.111
12914539	96.633
12920001	87.901
12924691	82.923
12929380	81.905
12934068	83.720
12939543	84.315
12944230	79.066
12948931	86.055
12953607	104.744
12959070	105.610
12963759	116.838
12968443	113.396
12973147	103.532
12978603	106.264
12983300	113.534
12987988	121.098
12992666	126.776
12998142	128.197
13002830	128.379
13007535	128.303
13012214	128.364
13017668	128.450
13022372	128.207
13027049	128.227
13031739	128.278
13037208	128.302
13041893	128.291
13046582	128.458
13051281	128.470
13056740	128.578
13061432	128.706
13066126	128.289
13070802	128.520
13076270	128.230
13080963	128.068
13085650	128.126
13090341	128.299
13095810	127.095
13100502	121.058
13105188	101.150
13109870	82.045
13115343	64.884
13120026	53.105
13124777	54.829
13129405	52.450
13134876	53.534
13139578	54.904
13144253	54.625
13149716	54.738
13154420	54.507
13159096	56.504
13163780	57.267
13169251	57.617
13173948	61.617
13178628	72.783
13183373	81.829
13188802	86.456
13193472	101.156
13198162	105.687
13202852	98.614
13208323	97.359
13213013	98.975
13217697	97.997
13222399	94.277
13227860	98.053
13232544	103.844
13237237	106.192
13241927	106.876
13247404	106.197
13252071	106.225
13256765	106.280
13261456	106.307
13266929	106.356
13271611	106.407
13276314	106.063
13280993	106.539
13286451	106.321
13291156	106.227
13295834	106.233
13300535	106.270
13306038	106.616
13310678	106.879
13315367	106.905
13320054	106.972
13325521	107.107
13330215	107.118
13334907	107.528
13339590	107.440
13345065	107.195
13349764	108.864
13354434	110.511
13359122	110.955
13364636	111.383
13369277	112.566
13373966	113.169
13379480	113.640
13384136	114.597
13388810	114.736
13393506	115.284
13398966	115.535
13403661	116.199
13408342	116.331
13413031	116.587
13418500	117.305
13423197	117.419
13427886	118.350
13432566	118.562
13438034	119.099
13442727	119.741
13447421	119.779
13452103	120.179
13457570	120.652
13462262	121.225
13466948	121.357
13471633	122.014
13477104	122.307
13481800	122.309
13486482	122.255
13491169	122.307
13496645	122.570
13501326	122.374
13506023	122.074
13510701	122.321
13516171	122.245
13520855	122.250
13525557	122.211
13530324	122.754
13535700	122.505
13540391	122.644
13545078	122.631
13549769	122.708
13555237	122.578
13559930	122.694
13564620	122.892
13569308	122.426
13574768	122.685
13579468	122.747
13584143	122.964
13588834	122.882
13594302	122.488
13598989	122.781
13603687	122.565
13608381	122.661
13613840	122.499
13618525	122.368
13623225	122.552
13628684	122.825
13633381	123.044
13638069	124.353
13642750	123.752
13648220	126.219
13652904	128.138
13657602	128.117
13662285	128.087
13667757	127.611
13672442	117.026
13677138	106.567
13681820	76.841
13687289	57.728
13691977	54.852
13696662	58.976
13701359	58.770
13706824	60.338
13711517	71.553
13716199	86.465
13720882	113.454
13726360	124.225
13731052	126.752
13735734	127.957
13740422	128.184
13745888	127.988
13750583	128.175
13755266	128.395
13759960	128.203
13765433	128.217
13770111	128.413
13774801	128.149
13779495	128.263
13784960	128.310
13789653	128.326
13794333	128.208
13799014	128.397
13804505	128.030
13809180	128.330
13813863	128.254
13818558	128.363
13824024	128.467
13828710	128.131
13833396	128.343
13838095	128.103
13843573	128.646
13848262	128.236
13852946	128.338
13858398	128.194
13863093	128.255
13867783	128.082
13872472	128.574
13877938	128.395
13882631	128.230
13887341	128.160
13892000	128.153
13897471	128.426
13902159	128.350
13906846	128.394
13911545	128.368
13917009	128.260
13921695	128.458
13926381	128.291
13931069	128.071
13936540	128.527
13941224	128.151
13945981	128.460
13950607	128.293
13956210	128.562
13960760	128.527
13965444	128.279
13970144	128.260
13975876	128.470
13980292	128.302
13984982	128.213
13989673	128.309
13995131	128.452
13999831	128.530
14004601	128.328
14009202	128.672
14014938	128.502
14019362	128.334
14024054	128.434
14028757	128.377
14034402	128.534
14038904	128.210
14043578	128.191
14048272	128.281
14053936	128.371
14058429	128.062
14063115	128.482
14067808	128.328
14073532	128.223
14077969	128.374
14082661	128.622
14088120	128.416
14093063	128.492
14097500	128.433
14102189	128.540
14107661	128.348
14112594	128.447
14117028	128.394
14121721	128.269
14127204	128.449
14132059	128.270
14136573	128.454
14141259	128.434
14146721	128.558
14151590	128.204
14156109	127.885
14160789	128.423
14166257	128.356
14171188	128.176
14175632	128.454
14180321	128.479
14185848	128.280
14190653	128.470
14195161	128.501
14199851	128.344
14205319	128.080
14210251	128.344
14214710	128.570
14219388	128.581
14224855	128.434
14229715	128.325
14234230	128.334
14238933	128.398
14244417	128.229
14249246	128.585
14253784	128.467
14258453	128.529
14263926	128.244
14268711	128.377
14273296	128.326
14277994	128.705
14283459	128.537
14288309	128.352
14292831	128.483
14297522	128.332
14302989	128.529
14307840	128.105
14312378	128.350
14317830	128.154
14322538	127.865
14327438	128.042
14331895	127.826
14337364	128.049
14342053	127.681
14346903	124.192
14351491	111.556
14356915	105.350
14361589	92.713
14366434	78.520
14370973	65.534
14376434	56.129
14381124	53.154
14385965	52.175
14390496	52.736
14395982	51.619
14400657	51.456
14405564	53.746
14410032	76.770
14415537	87.450
14420196	111.971
14425095	121.592
14429566	124.601
14435045	126.497
14439727	127.286
14444559	127.470
14449111	128.011
14454571	128.127
14459260	127.966
14464023	127.917
14468632	128.021
14474142	127.910
14478793	128.266
14483689	128.206
14488169	128.091
14493645	127.995
14498325	128.304
14503220	128.262
14507708	128.179
14513173	128.205
14517863	127.977
14522751	128.293
14527313	128.275
14532732	128.318
14537393	128.432
14542282	128.376
14546768	127.895
14552247	128.468
14556928	128.146
14561814	128.307
14567086	127.981
14571769	128.509
14576466	128.008
14581345	128.234
14586617	128.437
14591354	128.049
14595996	128.295
14600876	128.291
14606154	128.353
14610841	128.328
14615527	128.486
14620407	128.047
14625686	128.222
14630372	128.205
14635064	128.290
14639872	128.474
14645225	128.381
14649927	128.315
14654604	128.556
14659403	128.525
14664760	128.053
14669448	128.170
14674137	128.086
14678934	128.559
14684287	128.395
14688979	128.272
14693672	128.325
14698465	128.162
14703828	128.095
14708525	128.319
14713199	128.281
14718064	128.369
14723351	128.107
14728041	128.444
14732746	128.071
14737528	127.873
14742901	128.178
14747584	128.125
14752275	127.966
14757059	127.962
14762423	128.158
14767182	127.507
14771800	123.606
14776657	111.099
14781954	105.475
14786645	92.872
14791343	70.650
14796814	61.817
14801491	56.252
14806205	54.813
14810871	54.205
14816339	54.948
14821025	55.781
14825740	56.044
14830405	55.552
14835868	55.828
14840555	56.622
14845250	57.003
14849971	58.172
14855399	56.650
14860097	57.343
14864783	55.866
14869475	55.370
14874942	55.692
14879631	57.907
14884327	57.672
14889002	56.852
14894474	55.436
14899161	55.389
14903845	54.732
14908543	54.497
14914005	54.497
14918698	55.936
14923379	54.407
14928082	54.191
14933543	54.674
14938227	56.021
14942922	55.095
14947604	54.126
14953074	68.306
14957767	89.979
14962451	106.081
14967142	122.030
14972610	126.812
14977299	127.781
14981996	127.848
14986668	127.899
14992135	128.107
14996826	128.117
15001521	128.270
15006206	128.225
15011678	128.189
15016362	128.175
15021045	128.158
15026519	128.453
15031208	128.512
15035896	128.226
15040591	128.256
15046056	128.398
15050745	128.084
15055444	128.213
15060130	128.407
15065587	128.265
15070287	128.264
15074961	128.364
15079653	128.174
15085118	128.158
15089818	128.354
15094495	128.125
15099195	128.312
15104654	128.327
15109347	128.358
15114026	128.097
15118726	128.237
15124193	128.085
15128876	128.347
15133567	128.323
15138251	128.138
15143722	128.127
15148409	128.329
15153100	128.101
15157789	128.397
15163253	128.523
15167949	128.244
15172655	128.036
15177323	128.289
15182784	128.247
15187478	128.239
15192162	128.562
15196874	128.095
15202318	128.307
15207006	128.244
15211701	128.030
15216384	128.225
15221857	128.072
15226547	127.881
15231239	128.105
15235927	127.832
15241397	127.646
15246098	126.636
15250776	120.193
15255458	110.155
15260921	100.280
15265613	79.466
15270305	62.949
15275765	55.917
15280457	55.348
15285149	57.493
15289850	57.793
15295296	58.028
15299994	58.148
15304676	57.490
15309369	61.150
15314835	65.242
15319524	63.886
15324219	61.797
15328909	62.409
15334378	73.656
15339064	93.212
15343774	95.680
15348442	99.772
15353898	113.268
15358601	119.024
15363287	125.128
15367985	127.610
15373433	128.274
15378123	128.209
15382823	128.407
15387519	128.370
15392969	128.546
15397656	128.235
15402344	128.521
15407062	128.277
15412500	128.417
15417192	127.994
15421882	128.293
15426568	128.174
15432034	128.483
15436738	128.135
15441412	128.203
15446103	128.619
15451583	127.975
15456258	128.367
15460954	128.383
15465704	128.346
15471100	128.175
15475793	128.201
15480483	128.474
15485172	128.256
15490652	128.280
15495334	128.277
15500024	128.035
15505484	128.274
15510177	128.333
15514860	128.319
15519545	128.257
15525018	128.303
15529707	128.408
15534397	128.486
15539083	128.193
15544553	128.279
15549244	128.236
15553939	128.548
15558627	128.360
15564090	128.558
15568771	128.222
15573475	128.348
15578148	128.354
15583617	128.319
15588334	127.895
15592993	128.148
15597685	128.225
15603158	128.126
15607838	128.243
15612533	128.028
15617217	128.199
15622692	128.378
15627374	128.260
15632068	128.308
15636761	127.964
15642221	128.364
15646951	128.474
15651595	128.597
15656296	128.405
15661758	128.056
15666442	127.984
15671146	128.375
15675819	128.111
15681294	126.646
15685979	125.589
15690667	122.068
15695359	116.793
15700823	113.152
15705509	109.634
15710230	109.176
15714891	110.574
15720354	104.826
15725041	99.701
15729742	91.531
15735215	82.940
15739891	77.432
15744580	67.616
15749267	59.804
15754739	61.903
15759424	66.686
15764185	71.482
15768801	67.714
15774269	57.836
15778972	62.383
15783647	71.150
15788349	87.946
15793800	103.562
15798492	118.897
15803181	125.287
15807868	127.732
15813333	127.804
15818023	128.329
15822723	127.968
15827402	127.933
15832873	127.987
15837558	128.277
15842246	128.312
15846941	128.602
15852411	128.425
15857097	128.438
15861785	128.391
15866471	128.140
15871944	128.413
15876632	128.338
15881314	128.491
15886007	128.358
15891478	128.216
15896162	128.289
15900865	128.201
15905539	128.389
15911014	128.536
15915701	128.377
15920392	128.230
15925072	128.349
15930534	128.178
15935234	128.360
15939916	128.095
15944608	128.236
15950075	128.522
15954760	128.268
15959447	128.348
15964925	128.219
15969605	128.465
15974303	128.065
15978982	128.075
15984456	127.982
15989134	128.362
15993910	128.291
15998523	128.483
16003982	128.368
16008671	128.252
16013367	128.285
16018047	128.439
16023518	128.291
16028211	128.222
16032902	128.507
16037588	128.097
16043053	128.222
16047743	128.365
16052425	127.933
16057127	127.988
16062581	128.037
16067290	127.998
16071972	127.818
16076654	127.702
16082121	121.144
16086804	107.952
16091495	103.069
16096186	76.026
16101653	65.262
16106350	65.093
16111059	59.506
16115724	55.581
16121188	58.628
16125891	66.226
16130562	63.711
16135251	70.911
16140722	71.012
16145407	80.392
16150110	81.068
16154792	84.010
16160254	102.199
16164946	116.571
16169635	122.117
16174324	126.977
16179786	128.139
16184475	128.159
16189170	128.418
16193862	128.094
16199326	128.228
16204011	128.101
16208705	128.025
16214169	128.251
16218856	128.341
16223551	128.183
16228239	128.089
16233717	128.219
16238399	128.107
16243086	128.252
16247764	128.397
16253239	128.385
16257920	128.414
16262618	128.277
16267301	128.194
16272775	128.209
16277461	128.431
16282158	128.411
16286857	128.079
16292311	128.380
16296994	128.506
16301680	128.125
16306364	128.368
16311837	128.406
16316532	128.144
16321213	128.109
16325903	128.284
16331367	128.417
16336061	128.350
16340750	128.288
16345439	128.211
16350926	128.227
16355592	128.101
16360281	128.283
16364969	128.441
16370447	128.191
16375133	128.284
16379839	128.350
16384504	128.270
16389974	128.353
16394662	128.230
16399360	128.241
16404055	128.001
16409591	128.461
16414195	128.496
16418883	128.342
16423578	128.400
16429032	128.469
16433732	128.374
16438427	128.425
16443878	128.281
16448580	128.410
16453270	128.359
16457953	128.597
16463415	128.243
16468162	128.340
16472798	128.336
16477485	128.296
16482955	128.281
16487656	128.274
16492332	128.458
16497017	128.403
16502484	128.266
16507174	128.503
16511878	128.255
16516551	128.221
16522019	128.338
16526712	128.309
16531396	128.088
16536085	128.509
16541554	127.976
16546245	128.388
16550945	128.400
16555624	128.413
16561086	128.474
16565776	128.387
16570469	128.425
16575157	128.279
16580621	128.320
16585367	128.409
16590003	127.919
16594684	128.275
16600161	127.860
16604845	126.907
16609533	126.999
16614243	126.971
16619692	126.707
16624375	121.744
16629076	116.081
16633749	115.410
16639215	115.689
16643922	115.960
16648602	112.803
16653293	101.290
16658766	90.103
16663451	74.779
16668141	58.353
16673597	51.710
16678294	54.415
16682978	55.723
16687684	53.787
16693146	56.274
16697823	58.017
16702504	57.660
16707208	58.685
16712679	59.423
16717364	58.460
16722054	61.736
16726730	60.215
16732207	62.921
16736894	66.722
16741584	67.783
16746269	78.273
16751739	86.213
16756426	91.332
16761112	107.426
16765811	115.221
16771282	123.779
16775959	128.081
16780656	128.003
16785336	128.191
16790800	128.015
16795492	128.211
16800180	128.314
16804872	128.391
16810336	128.391
16815020	128.242
16819714	128.330
16824416	128.187
16829876	128.329
16834578	128.409
16839268	128.408
16843934	128.149
16849414	128.323
16854092	128.150
16858792	128.284
16863472	128.513
16868934	128.458
16873626	128.297
16878324	128.376
16883000	128.277
16888470	128.207
16893168	128.305
16897848	128.352
16902544	128.338
16908004	128.488
16912694	128.190
16917384	128.213
16922860	128.441
16927536	128.208
16932224	128.264
16936928	128.448
16942390	128.199
16947072	128.374
16951760	128.358
16956448	128.157
16961922	128.354
16966602	127.964
16971292	128.436
16975990	127.980
16981456	128.171
16986148	128.500
16990826	128.302
16995514	128.443
17000992	128.239
17005672	128.515
17010374	128.454
17015060	128.303
17020530	128.495
17025204	128.311
17029906	128.208
17034584	128.153
17040052	128.238
17044736	128.134
17049448	128.131
17054122	128.293
17059596	127.626
17064272	118.748
17068962	95.595
17073652	71.285
17079116	56.449
17083808	53.053
17088500	52.410
17093196	53.132
17098668	54.942
17103348	56.240
17108052	62.734
17112716	87.914
17118192	110.509
17122872	117.262
17127566	117.259
17132268	117.399
17137720	117.296
17142406	118.136
17147098	124.680
17152576	127.827
17157252	128.236
17161948	127.030
17166668	126.471
17172094	127.670
17176790	128.282
17181476	128.130
17186168	128.065
17191636	127.836
17196320	128.349
17201012	128.295
17205700	128.140
17211178	128.547
17215866	128.529
17220556	128.356
17225276	128.090
17230790	127.938
17235400	128.276
17240076	128.215
17244768	127.981
17250240	128.078
17254938	128.305
17259612	128.178
17264304	128.228
17269768	128.250
17274454	128.294
17279150	128.341
17283914	128.498
17289298	128.252
17293996	128.317
17298680	128.324
17303368	128.525
17308836	128.334
17313528	128.212
17318220	128.466
17322900	128.048
17328366	128.315
17333060	128.146
17337748	128.102
17342444	128.475
17347940	128.401
17352606	128.262
17357282	128.128
17361968	128.034
17367444	128.258
17372130	128.236
17376820	128.389
17382282	128.410
17386980	128.431
17391660	128.381
17396352	128.376
17401816	128.233
17406550	128.320
17411190	128.332
17415884	128.355
17421352	128.171
17426036	128.265
17430724	128.137
17435434	128.194
17440894	128.354
17445586	128.140
17450262	128.305
17454990	128.069
17460422	128.440
17465120	128.125
17469800	128.317
17474492	128.303
17479956	128.343
17484648	128.461
17489326	128.491
17494020	128.258
17499484	128.347
17504170	128.301
17508864	127.952
17513548	126.659
17519016	123.764
17523718	116.665
17528404	99.539
17533084	73.830
17538552	55.787
17543242	51.119
17547928	51.111
17552618	52.070
17558088	52.669
17562782	53.566
17567464	53.246
17572150	52.890
17577616	54.801
17582322	61.102
17586998	64.586
17591696	70.370
17597160	63.167
17601844	75.884
17606530	75.553
17611232	73.656
17616686	84.288
17621376	88.478
17626088	93.894
17631532	103.261
17636220	114.719
17640920	124.190
17645604	124.124
17651080	123.064
17655760	122.383
17660440	122.100
17665136	122.442
17670602	122.811
17675314	122.762
17679980	123.080
17684672	123.651
17690134	123.930
17694832	124.736
17699512	126.436
17704200	126.970
17709680	127.432
17714360	127.615
17719044	128.074
17723740	127.902
17729204	127.981
17733888	128.053
17738584	128.043
17743264	128.025
17748740	128.043
17753450	128.225
17758110	128.117
17762804	127.893
17768268	127.933
17772962	127.950
17777644	128.028
17782352	128.074
17787804	128.003
17792492	128.166
17797188	127.805
17801866	128.067
17807336	128.019
17812032	127.928
17816716	128.166
17821414	127.964
17826870	128.129
17831560	128.250
17836248	128.214
17840938	128.085
17846402	128.052
17851098	128.202
17855780	127.976
17861268	128.148
17865934	128.420
17870656	128.299
17875320	128.386
17880796	128.147
17885476	128.440
17890172	128.003
17894852	128.170
17900316	128.464
17905004	128.265
17909698	128.223
17914390	128.421
17919848	128.123
17924544	128.295
17929256	128.530
17933922	128.127
17939386	128.156
17944078	128.365
17948764	128.260
17953452	127.971
17958922	128.198
17963610	128.093
17968296	127.780
17972996	127.219
17978452	126.550
17983140	126.930
17987824	127.335
17992518	127.323
17997992	123.249
18002672	109.007
18007360	104.052
18012048	81.998
18017526	63.929
18022216	62.746
18026892	62.984
18031592	55.958
18037056	60.775
18041744	62.915
18046476	62.744
18051124	62.581
18056596	62.734
18061278	63.056
18065966	62.609
18070680	62.332
18076126	62.232
18080816	60.445
18085500	60.738
18090970	61.731
18095660	62.642
18100344	62.497
18105090	63.345
18110520	62.346
18115200	63.110
18119878	73.793
18124568	93.050
18130032	118.178
18134736	124.414
18139416	126.652
18144108	127.730
18149564	127.956
18154260	127.897
18158942	128.221
18163684	128.291
18169098	128.009
18173792	128.128
18178490	128.348
18183164	128.356
18188642	127.836
18193324	128.138
18198010	128.062
18202708	128.243
18208168	128.329
18212858	128.146
18217560	128.376
18222240	128.149
18227720	128.226
18232390	128.388
18237076	128.150
18241768	127.991
18247234	128.180
18251924	128.028
18256622	127.982
18261312	128.362
18266776	128.179
18271452	128.058
18276148	128.419
18280838	128.305
18286320	128.095
18290992	128.081
18295690	128.321
18300372	128.542
18305840	128.217
18310528	128.019
18315224	128.499
18320676	127.935
18325368	128.450
18330076	128.171
18334784	128.166
18340216	128.266
18344910	128.248
18349596	128.151
18354280	128.207
18359756	128.258
18364436	128.104
18369128	128.225
18373822	128.026
18379288	128.377
18383968	128.489
18388664	128.285
18393380	128.265
18398816	128.243
18403506	128.036
18408208	127.930
18412900	128.121
18418348	127.625
18423038	127.856
18427736	127.261
18432420	119.493
18437888	108.247
18442590	91.560
18447268	63.407
18451960	56.983
18457424	56.115
18462116	58.189
18466804	57.639
18471484	57.815
18476950	59.172
18481644	60.686
18486328	59.386
18491014	59.372
18496494	58.356
18501172	60.631
18505874	59.883
18510576	59.954
18516016	60.058
18520708	61.037
18525416	61.062
18530090	61.923
18535560	61.976
18540240	62.862
18544926	61.058
18549616	59.730
18555092	59.968
18559772	60.642
18564460	61.495
18569936	67.439
18574668	64.522
18579308	71.254
18584000	76.323
18589466	90.351
18594160	92.631
18598848	98.824
18603532	114.635
18609008	121.915
18613688	127.654
18618390	127.903
18623064	128.338
18628530	128.132
18633232	128.303
18637928	128.434
18642608	128.070
18648064	128.489
18652768	128.293
18657446	128.119
18662128	128.324
18667598	128.401
18672294	128.456
18676974	128.518
18681676	128.279
18687136	127.911
18691820	128.581
18696520	128.285
18701206	128.237
18706672	128.372
18711364	128.076
18716060	128.265
18720732	128.255
18726210	128.303
18730898	128.497
18735582	128.182
18740276	128.668
18745744	128.423
18750480	128.271
18755116	128.615
18759806	128.215
18765278	128.191
18769964	128.312
18774656	128.180
18779336	128.233
18784808	128.558
18789504	128.199
18794190	128.248
18799648	128.433
18804344	128.242
18809080	128.164
18813720	128.554
18819180	128.434
18823888	128.300
18828566	128.248
18833264	128.274
18838722	128.317
18843402	128.634
18848100	128.276
18852778	128.309
18858250	128.389
18862932	128.256
18867648	128.316
18872316	128.283
18877792	128.347
18882470	127.989
18887162	127.412
18891860	123.326
18897318	112.717
18902030	95.315
18906696	71.333
18911380	58.689
18916868	54.821
18921542	54.515
18926232	54.540
18930924	55.205
18936388	55.382
18941076	64.659
18945764	91.855
18950456	115.872
18955938	120.199
18960622	121.821
18965320	124.128
18969996	125.991
18975456	127.488
18980148	128.299
18984892	128.269
18989528	128.147
18995010	128.336
18999688	128.510
19004366	128.154
19009052	128.429
19014524	128.246
19019216	128.477
19023896	128.319
19029366	128.440
19034054	128.260
19038740	128.284
19043440	128.301
19048984	128.463
19053588	128.721
19058274	128.330
19062964	128.174
19068430	128.498
19073142	128.257
19077808	128.313
19082496	128.419
19087964	128.022
19092664	128.244
19097336	128.295
19102036	128.519
19107536	127.928
19112188	128.341
19116884	128.281
19121572	128.502
19127030	128.250
19131730	128.539
19136420	128.247
19141112	128.320
19146568	128.251
19151256	128.366
19155938	128.052
19160636	128.344
19166104	128.470
19170794	128.570
19175490	128.482
19180172	128.244
19185632	128.701
19190336	128.654
19195026	128.125
19199700	128.729
19205168	128.694
19209858	128.301
19214572	128.462
19219236	128.479
19224706	128.256
19229398	128.300
19234086	128.215
19238782	128.336
19244240	128.131
19248930	128.199
19253632	128.419
19258304	128.287
19263780	128.164
19268464	128.020
19273144	128.503
19278612	127.962
19283300	128.562
19287996	128.093
19292692	128.316
19298148	128.654
19302838	128.167
19307556	128.623
19312224	128.289
19317684	128.439
19322380	128.011
19327064	128.094
19331744	128.345
19337232	128.106
19341902	128.062
19346600	127.121
19351284	121.697
19356764	108.872
19361448	86.347
19366132	67.917
19370816	56.946
19376284	51.881
19380968	52.725
19385670	54.972
19390354	55.360
19395904	54.966
19400514	63.454
19405202	75.775
19409896	108.632
19415366	118.736
19420044	121.765
19424736	125.240
19429420	128.037
19434890	128.334
19439584	128.223
19444264	128.673
19448984	128.103
19454476	128.534
19459108	128.266
19463808	128.209
19468488	128.566
19473964	128.562
19478640	128.195
19483328	128.313
19488024	128.270
19493486	128.305
19498170	128.589
19502868	128.537
19508332	128.439
19513068	128.262
19517710	128.432
19522416	128.236
19527864	128.483
19532568	128.666
19537240	128.228
19541944	128.307
19547408	128.470
19552088	128.067
19556776	128.234
19561464	128.115
19566932	128.124
19571652	127.968
19576312	128.341
19581006	128.199
19586480	128.089
19591164	128.407
19595852	128.122
19600540	128.124
19606002	128.232
19610702	128.383
19615386	128.411
19620076	128.532
19625534	128.326
19630260	128.366
19634912	128.358
19639608	128.429
19645074	128.438
19649770	128.272
19654448	128.466
19659142	128.411
19664604	128.241
19669300	128.474
19673990	128.083
19678672	128.479
19684134	128.404
19688844	128.268
19693510	128.254
19698200	128.301
19703680	128.177
19708362	128.568
19713056	128.356
19717754	128.441
19723204	128.348
19727892	128.258
19732580	128.130
19738048	128.538
19742756	128.384
19747448	128.447
19752120	128.286
19757580	128.089
19762280	128.187
19766962	128.656
19771656	128.411
19777132	128.452
19781816	128.423
19786496	128.356
19791188	128.270
19796658	128.379
19801336	128.215
19806044	128.188
19810712	128.436
19816184	128.307
19820878	127.872
19825578	128.506
19830256	128.367
19835724	127.988
19840410	128.314
19845092	128.662
19849784	128.297
19855256	128.357
19859952	128.659
19864628	128.514
19869320	128.318
19874784	128.320
19879472	128.236
19884168	128.464
19888856	128.474
19894328	128.593
19899008	128.353
19903704	128.516
19908390	128.261
19913856	128.260
19918540	128.324
19923226	128.226
19927918	128.461
19933396	128.533
19938082	128.275
19942768	128.497
19947456	128.698
19952924	128.298
19957606	128.274
19962300	128.310
19967766	128.189
19972456	128.389
19977148	125.137
19981840	116.485
19987366	91.589
19991996	73.811
19996676	58.963
20001380	52.728
20006828	51.456
20011524	52.175
20016212	53.455
20020916	53.416
20026372	54.746
20031064	54.692
20035744	53.781
20040436	53.589
20045904	53.719
20050596	54.476
20055276	56.018
20059972	55.218
20065436	54.901
20070128	53.274
20074808	54.307
20079512	53.411
20084980	54.797
20089656	54.693
20094340	54.792
20099046	55.303
20104502	55.956
20109196	56.346
20113884	63.525
20118564	69.134
20124036	76.235
20128720	80.558
20133416	78.392
20138100	71.704
20143566	73.763
20148264	82.697
20152942	103.087
20157630	118.828
20163108	123.152
20167796	124.836
20172496	124.548
20177168	126.518
20182644	127.693
20187328	128.023
20192012	128.194
20196704	128.289
20202176	128.208
20206856	128.160
20211546	128.377
20217012	128.346
20221720	128.098
20226402	128.426
20231084	128.375
20236556	128.350
20241236	128.218
20245924	128.310
20250620	128.525
20256088	128.444
20260772	128.433
20265458	128.478
20270146	128.391
20275614	128.501
20280308	128.478
20284996	128.446
20289680	128.507
20295152	128.384
20299840	128.450
20304526	128.107
20309216	128.426
20314684	128.291
20319376	128.152
20324058	128.160
20328760	128.105
20334228	128.346
20338904	128.213
20343600	128.423
20348294	128.347
20353768	128.266
20358444	128.416
20363132	128.499
20367816	128.569
20373290	128.266
20377972	128.117
20382660	128.372
20387382	128.298
20392832	128.439
20397512	128.309
20402216	128.243
20406880	128.519
20412356	128.077
20417068	128.294
20421732	128.404
20426424	128.304
20431900	128.228
20436580	128.441
20441272	128.604
20446728	128.218
20451428	128.423
20456116	128.224
20460794	128.297
20466268	128.251
20470956	128.380
20475644	128.511
20480348	128.327
20485814	128.321
20490484	128.111
20495178	128.225
20499860	128.197
20505338	128.270
20510030	127.898
20514712	120.697
20519406	108.230
20524878	99.664
20529564	83.519
20534252	68.013
20538942	60.770
20544406	57.932
20549088	55.830
20553774	56.387
20558472	60.351
20563936	63.244
20568620	64.562
20573312	69.430
20577998	71.694
20583472	77.977
20588212	78.381
20592856	92.393
20597532	113.660
20602996	126.761
20607690	127.910
20612386	128.005
20617064	128.481
20622542	128.227
20627268	128.317
20631916	128.330
20636600	128.525
20642068	128.318
20646768	128.477
20651460	128.230
20656132	128.343
20661612	128.536
20666292	128.219
20670980	128.487
20676448	128.415
20681144	128.213
20685828	128.552
20690516	128.211
20695984	128.330
20700674	128.454
20705360	128.464
20710048	128.421
20715524	128.441
20720208	128.496
20724906	128.221
20729584	128.446
20735048	128.377
20739744	128.363
20744466	128.403
20749122	128.388
20754586	128.489
20759276	128.543
20763958	128.656
20768646	128.649
20774116	128.219
20778824	128.647
20783496	128.402
20788196	128.228
20793652	128.364
20798344	128.471
20803028	128.191
20807724	128.499
20813190	128.339
20817872	128.533
20822560	128.489
20827260	128.532
20832718	128.379
20837414	128.360
20842102	128.352
20846780	128.474
20852256	128.443
20856952	128.568
20861636	128.497
20866320	128.168
20871794	128.183
20876484	128.321
20881160	128.253
20885860	128.534
20891322	128.215
20896004	128.386
20900700	128.170
20905392	127.371
20910850	127.597
20915540	127.739
20920230	127.693
20925750	127.236
20930392	127.564
20935084	127.605
20939764	127.814
20945232	127.854
20949920	128.053
20954612	128.349
20959298	128.463
20964768	127.990
20969456	128.259
20974140	128.411
20978838	128.075
20984300	128.562
20988992	128.086
20993678	128.345
20998376	128.301
21003828	128.268
21008532	128.586
21013224	128.346
21017896	128.487
21023364	128.336
21028064	128.295
21032754	128.188
21037438	128.393
21042900	127.955
21047596	128.125
21052292	128.005
21056970	128.135
21062444	128.366
21067124	128.394
21071816	128.365
21076508	128.413
21081972	127.990
21086656	128.458
21091344	127.966
21096048	127.972
21101502	128.313
21106190	127.887
21110884	121.631
21115572	103.654
21121032	82.499
21125726	66.195
21130424	57.970
21135112	53.134
21140578	50.693
21145264	51.323
21149948	52.152
21155424	53.753
21160112	52.308
21164792	55.008
21169480	72.079
21174954	98.658
21179644	116.993
21184336	122.946
21189008	126.219
21194496	127.452
21199174	127.959
21203864	128.425
21208546	128.436
21214020	128.181
21218712	128.144
21223400	128.154
21228088	128.257
21233548	128.213
21238244	128.501
21242924	128.291
21247624	128.464
21253084	128.309
21257782	128.420
21262460	128.454
21267172	128.237
21272652	128.226
21277308	128.203
21281994	128.256
21286680	128.307
21292162	128.145
21296844	128.539
21301528	128.364
21306216	128.532
21311684	128.303
21316378	128.438
21321066	128.195
21325776	128.692
21331252	128.446
21335916	128.446
21340598	128.550
21345284	128.481
21350750	128.356
21355456	128.442
21360144	128.544
21364836	128.391
21370284	128.276
21374976	127.940
21379666	128.309
21385132	128.256
21389860	128.644
21394506	128.295
21399210	128.435
21404668	128.339
21409354	128.495
21414052	128.498
21418732	128.201
21424196	128.420
21428884	128.498
21433578	128.224
21438280	128.035
21443732	127.870
21448456	127.507
21453104	127.816
21457804	126.887
21463266	125.319
21467958	122.319
21472652	117.766
21477334	112.380
21482800	104.543
21487488	98.619
21492184	77.601
21496860	68.526
21502332	62.903
21507044	55.421
21511712	55.797
21516404	56.414
21521866	58.866
21526554	58.899
21531244	59.455
21535944	60.660
21541404	59.378
21546100	60.131
21550778	56.289
21555464	53.436
21560932	55.995
21565626	70.342
21570320	72.748
21575014	85.757
21580472	105.838
21585160	115.775
21589866	126.494
21594550	128.091
21600016	128.207
21604692	128.210
21609380	128.125
21614068	128.045
21619532	128.041
21624224	128.476
21628924	128.256
21634386	128.174
21639070	128.150
21643756	128.175
21648450	128.160
21653916	128.128
21658610	128.251
21663294	128.176
21667980	128.464
21673466	128.175
21678138	128.140
21682840	128.284
21687524	128.091
21692988	128.272
21697672	128.556
21702376	128.077
21707056	128.303
21712520	128.346
21717208	128.393
21721908	128.412
21726588	128.328
21732048	128.664
21736736	128.215
21741424	128.354
21746122	128.344
21751580	128.173
21756276	128.350
21760956	128.182
21765666	128.447
21771128	128.640
21775804	128.391
21780500	128.303
21785196	128.411
21790660	128.138
21795336	128.399
21800028	128.110
21804744	127.889
21810198	128.350
21814882	128.421
21819576	128.293
21824256	128.579
21829718	128.483
21834414	128.301
21839108	128.113
21843788	128.212
21849248	128.126
21853936	128.087
21858628	127.873
21864112	127.619
21868784	125.736
21873472	125.296
21878172	124.952
21883632	122.224
21888342	111.046
21893012	91.591
21897704	74.097
21903168	58.915
21907864	54.966
21912592	54.570
21917252	55.346
21922702	56.871
21927406	56.707
21932084	55.498
21936768	60.246
21942242	61.015
21946920	59.568
21951620	53.144
21956312	56.823
21961772	67.363
21966456	70.765
21971156	82.396
21975834	82.054
21981304	78.932
21985992	85.547
21990676	104.513
21995380	117.774
22000832	124.253
22005532	125.464
22010214	124.494
22014900	124.954
22020380	124.755
22025068	125.236
22029744	125.531
22034468	125.488
22039900	125.116
22044590	124.558
22049300	124.940
22053966	125.025
22059436	125.106
22064122	124.715
22068808	124.893
22073500	125.497
22078968	125.682
22083678	126.113
22088370	126.223
22093836	127.109
22098508	128.289
22103196	128.323
22107880	128.162
22113344	128.343
22118044	128.395
22122732	128.024
22127416	128.313
22132884	128.260
22137570	128.239
22142268	127.874
22146990	127.921
22152432	128.034
22157100	128.275
22161790	128.305
22166484	128.239
22171948	128.277
22176640	128.175
22181324	128.212
22186016	127.955
22191492	128.303
22196176	128.160
22200870	128.186
22205556	127.992
22211122	128.348
22215706	128.417
22220398	128.260
22225084	128.038
22230562	128.355
22235236	128.122
22239940	128.161
22244622	128.383
22250090	128.275
22254776	127.983
22259460	128.099
22264154	128.056
22269636	128.175
22274312	128.052
22279000	128.217
22283688	127.870
22289164	127.672
22293864	127.971
22298536	128.291
22303228	127.869
22308692	127.797
22313376	127.728
22318060	128.050
22323528	127.970
22328222	127.987
22332920	128.061
22337600	127.828
22343068	127.932
22347752	128.213
22352444	127.896
22357132	128.150
22362600	128.101
22367284	128.169
22371980	128.255
22376664	128.113
22382128	128.048
22386860	128.318
22391516	128.138
22396204	128.197
22401662	128.291
22406356	128.213
22411052	127.893
22415744	128.360
22421200	127.976
22425888	128.066
22430576	128.069
22435260	128.091
22440748	128.150
22445466	128.295
22450112	128.006
22454802	128.114
22460268	127.994
22464954	128.154
22469648	128.571
22474338	128.248
22479816	128.170
22484492	128.395
22489182	128.095
22493872	128.182
22499334	128.099
22504022	128.412
22508728	128.087
22513402	128.372
22518874	128.116
22523556	128.494
22528246	128.396
22532938	128.322
22538414	128.274
22543112	128.530
22547788	128.368
22552476	128.393
22557932	127.961
22562628	128.036
22567320	128.600
22572776	128.181
22577470	128.340
22582168	128.325
22586852	128.227
22592322	128.289
22597008	128.164
22601698	128.231
22606384	128.427
22611848	128.264
22616552	128.372
22621232	128.468
22625916	128.383
22631392	128.044
22636080	128.466
22640766	128.340
22645456	128.385
22650920	128.483
22655608	128.483
22660290	128.365
22664984	128.689
22670454	128.378
22675136	128.305
22679830	128.479
22684516	128.171
22689990	128.345
22694684	128.554
22699358	128.628
22704064	128.699
22709524	128.468
22714216	128.775
22718902	128.283
22723588	128.283
22729048	128.552
22733758	128.452
22738428	128.329
22743124	128.468
22748580	128.237
22753284	128.621
22757988	128.366
22762648	128.415
22768116	128.377
22772804	128.435
22777500	128.407
22782180	128.510
22787656	128.698
22792336	128.392
22797028	128.572
22802496	128.426
22807196	128.309
22811876	128.167
22816560	128.203
22822036	128.215
22826720	128.342
22831404	128.254
22836104	128.356
22841566	128.550
22846252	127.979
22850950	123.873
22855632	116.982
22861096	94.628
22865790	67.693
22870480	54.771
22875168	50.931
22880642	52.885
22885324	52.645
22890008	53.561
22894704	53.227
22900168	53.454
22904856	53.444
22909620	53.673
22914230	54.414
22919708	58.464
22924386	65.929
22929084	75.477
22933772	79.758
22939244	79.750
22943936	80.084
22948612	80.530
22953298	80.566
22958766	79.862
22963472	80.987
22968216	82.863
22972840	84.117
22978300	85.705
22982996	82.905
22987684	75.754
22992368	71.725
22997840	70.264
23002520	71.588
23007210	72.086
23011896	72.975
23017368	75.313
23022060	78.052
23026828	82.844
23032226	92.118
23036912	100.764
23041592	104.575
23046284	108.736
23051744	105.643
23056444	94.485
23061126	86.641
23065812	75.419
23071280	53.001
23075968	42.503
23080664	54.025
23085346	57.684
23090844	54.283
23095504	54.449
23100196	56.477
23104888	57.401
23110344	56.701
23115064	58.292
23119742	52.446
23124416	46.869
23129888	49.858
23134594	53.192
23139260	53.260
23143988	48.852
23149412	56.618
23154104	58.181
23158792	59.407
23163484	58.419
23168952	58.778
23173632	59.457
23178324	58.798
23183012	58.981
23188482	59.627
23193170	59.130
23197858	58.146
23202556	57.555
23208048	58.050
23212716	58.109
23217392	58.961
23222084	58.558
23227560	57.525
23232242	59.775
23236932	55.422
23241624	60.009
23247090	78.595
23251776	100.978
23256456	106.226
23261148	106.928
23266636	109.033
23271304	112.901
23276002	116.225
23281466	121.319
23286152	124.749
23290848	126.278
23295538	127.942
23300996	128.358
23305684	128.558
23310372	128.495
23315064	128.364
23320534	128.157
23325228	128.450
23329916	128.307
23334596	128.211
23340072	128.311
23344758	128.293
23349452	128.281
23354128	128.258
23359596	128.349
23364292	128.413
23368980	128.523
23373664	128.348
23379144	128.236
23383834	128.341
23388510	128.256
23393200	128.326
23398670	128.285
23403360	128.240
23408044	128.413
23412732	128.221
23418208	127.966
23422902	127.950
23427576	127.460
23432288	127.981
23437740	126.813
23442416	124.600
23447120	124.619
23451812	126.784
23457270	127.650
23461960	127.953
23466650	128.176
23471342	127.981
23476800	127.891
23481492	128.299
23486194	128.055
23490872	127.828
23496342	127.879
23501020	127.796
23505712	128.214
23511188	128.122
23515868	128.134
23520554	128.094
23525244	128.036
23530712	128.217
23535408	128.285
23540092	128.301
23544780	128.230
23550252	128.107
23554936	128.302
23559624	128.423
23564316	128.460
23569780	128.352
23574472	128.473
23579168	128.244
23583860	128.178
23589324	128.286
23594008	128.360
23598700	128.341
23603384	128.399
23608848	128.244
23613536	128.179
23618256	128.197
23622918	128.636
23628384	128.469
23633072	128.237
23637752	128.385
23642452	128.395
23647930	128.438
23652616	128.218
23657304	128.561
23661990	128.416
23667460	128.293
23672148	128.356
23676824	128.267
23681520	128.474
23686982	128.303
23691680	128.240
23696368	128.387
23701050	128.436
23706512	128.126
23711210	128.293
23715896	128.293
23720588	128.160
23726048	128.319
23730750	128.113
23735430	128.519
23740926	128.352
23745588	128.320
23750276	128.502
23754980	128.158
23760440	128.238
23765124	128.375
23769822	128.327
23774494	128.463
23779972	128.402
23784652	128.109
23789352	128.464
23794040	128.590
23799492	128.299
23804184	128.694
23808872	128.596
23813568	128.282
23819044	128.316
23823730	128.415
23828428	128.508
23833096	128.613
23838568	128.546
23843262	128.361
23847954	128.427
23852632	128.149
23858108	128.426
23862794	128.194
23867476	128.508
23872188	128.174
23877628	128.338
23882324	128.529
23887016	128.372
23891696	128.360
23897184	128.434
23901854	128.564
23906628	128.450
23911230	128.234
23916700	128.307
23921400	128.387
23926096	128.390
23930768	128.477
23936248	128.433
23940924	128.462
23945616	128.299
23950304	128.395
23955768	128.449
23960462	128.312
23965146	128.272
23970652	128.332
23975304	128.485
23980008	128.285
23984686	128.513
23990154	128.474
23994840	128.468
23999520	128.379
24004216	128.374
24009674	128.509
24014368	128.577
24019060	128.453
24023744	128.448
24029304	128.437
24033904	128.487
24038594	128.380
24043280	128.619
24048748	128.518
24053436	128.266
24058124	128.632
24062818	128.575
24068312	128.352
24072976	128.156
24077660	128.368
24082348	128.349
24087812	128.336
24092512	128.517
24097194	128.196
24101878	128.632
24107346	128.262
24112044	128.667
24116724	128.475
24121416	128.451
24126886	128.785
24131572	128.564
24136258	128.394
24140952	128.340
24146424	128.236
24151114	128.423
24155792	128.432
24160498	128.359
24165948	128.376
24170638	128.402
24175334	128.462
24180026	128.450
24185480	128.579
24190180	128.548
24194864	128.448
24199566	128.630
24205024	128.385
24209710	128.373
24214396	128.509
24219956	128.536
24224556	128.290
24229240	128.566
24233928	128.501
24239552	128.284
24244092	128.691
24248792	128.543
24253460	128.424
24259084	128.477
24263620	128.553
24268312	128.665
24273000	128.632
24278548	128.152
24283152	128.259
24287842	128.455
24292532	128.354
24298080	128.625
24302686	128.457
24307380	128.369
24312094	128.525
24317612	128.348
24322228	128.195
24326916	128.313
24331602	128.211
24337208	127.870
24341756	125.666
24346448	123.472
24351138	120.126
24356740	118.005
24361284	117.807
24365984	117.935
24370670	118.020
24376282	118.536
24380832	117.497
24385516	111.368
24390200	89.740
24395804	76.486
24400356	68.758
24405044	59.559
24409744	54.883
24415268	56.063
24419894	52.465
24424588	50.967
24429304	50.981
24434780	51.252
24439424	50.919
24444112	50.291
24449578	50.202
24454344	55.097
24458956	59.764
24463654	58.468
24469116	56.649
24473860	59.491
24478484	55.448
24483180	60.566
24488644	70.450
24493588	76.179
24498032	70.942
24502712	60.838
24508184	60.739
24512990	63.866
24517564	80.754
24522248	94.729
24527716	118.313
24532522	124.774
24537092	128.388
24541780	128.398
24547246	128.237
24552144	128.478
24556632	128.440
24561330	128.194
24566780	128.021
24571584	128.628
24576172	128.574
24580852	128.330
24586320	128.417
24591048	128.252
24595700	128.473
24600386	128.368
24605860	128.568
24610696	128.444
24615228	128.385
24619916	128.387
24625388	128.488
24630112	128.356
24634768	128.362
24639460	128.638
24644924	128.725
24649724	128.454
24654300	128.697
24658988	128.517
24664454	128.201
24669384	128.470
24673828	128.301
24679298	128.505
24683986	128.205
24688704	128.260
24693372	128.385
24698840	128.336
24703520	128.354
24708304	128.472
24712896	128.431
24718366	128.478
24723064	128.470
24727904	128.450
24732424	128.346
24737896	128.515
24742588	128.395
24747308	128.526
24751966	128.476
24757438	128.438
24762122	128.586
24766830	128.390
24771500	128.574
24776964	128.150
24781654	128.368
24786406	128.345
24791032	128.582
24796512	128.644
24801188	128.397
24805892	128.586
24810568	128.662
24816044	128.248
24820724	128.547
24825424	128.470
24830098	128.356
24835568	128.358
24840256	128.334
24845034	128.587
24849636	128.436
24855102	128.565
24859788	128.137
24864552	128.287
24869168	128.249
24874632	128.554
24879324	128.209
24884084	128.381
24888698	128.089
24894172	126.913
24898852	117.959
24903616	106.328
24908238	100.829
24913700	90.661
24918402	74.850
24923082	62.472
24928550	57.425
24933236	55.430
24937924	58.862
24942678	59.098
24948076	57.277
24952772	55.502
24957452	78.428
24962156	95.991
24967632	116.512
24972308	123.888
24976992	125.346
24981680	127.335
24987156	127.891
24991832	128.391
24996532	128.351
25001216	128.144
25006676	128.307
25011368	128.496
25016068	128.551
25020754	128.123
25026216	128.394
25030904	128.230
25035598	128.444
25040336	128.350
25045756	128.563
25050442	128.298
25055132	128.551
25059866	128.425
25065284	128.446
25069972	128.515
25074660	128.403
25079364	128.342
25084824	128.444
25089504	128.326
25094200	128.591
25098892	128.544
25104348	128.453
25109040	128.319
25113736	128.228
25118420	128.002
25123884	128.353
25128572	128.372
25133318	128.152
25137958	128.365
25143438	128.113
25148104	128.185
25152816	128.272
25158268	128.487
25162948	128.582
25167640	128.448
25172334	128.199
25177804	128.134
25182492	128.450
25187174	128.128
25191882	128.660
25197350	128.335
25202020	128.328
25206712	128.465
25211420	128.383
25216860	128.233
25221556	128.387
25226260	128.507
25230930	128.340
25236396	128.200
25241104	128.416
25245776	128.587
25250464	128.328
25255932	128.629
25260628	128.596
25265312	128.251
25270000	128.382
25275468	128.487
25280152	128.429
25284844	128.356
25289532	128.475
25295008	128.471
25299684	128.567
25304374	128.156
25309104	128.597
25314528	128.013
25319220	128.296
25323924	128.228
25328600	128.442
25334070	128.346
25338752	128.482
25343460	128.152
25348128	128.415
25353598	128.392
25358296	128.354
25362976	128.646
25367676	128.257
25373140	128.320
25377830	128.368
25382508	128.253
25387988	128.370
25392688	128.324
25397360	128.275
25402042	128.671
25407520	128.401
25412204	128.307
25416900	128.334
25421576	128.558
25427044	128.260
25431744	128.345
25436422	128.344
25441122	128.177
25446588	126.222
25451272	113.431
25455996	106.044
25460652	89.441
25466116	71.088
25470816	66.280
25475498	67.956
25480184	73.476
25485648	98.368
25490340	100.938
25495024	111.291
25499712	122.135
25505184	124.020
25509872	123.964
25514568	123.607
25519252	124.842
25524716	126.544
25529404	127.026
25534096	127.264
25538780	128.189
25544264	128.236
25548938	128.219
25553624	128.131
25558316	128.466
25563780	128.446
25568470	128.531
25573166	128.391
25577852	128.476
25583316	128.377
25588004	128.811
25592696	128.307
25597380	128.356
25602864	128.430
25607628	128.277
25612228	128.368
25616936	128.414
25622390	128.397
25627082	128.562
25631768	128.153
25637236	128.368
25641924	128.423
25646608	128.544
25651296	128.674
25656776	128.479
25661454	128.391
25666192	128.183
25670832	128.508
25676296	128.175
25680998	128.399
25685684	128.467
25690364	128.397
25695836	128.346
25700522	128.309
25705208	128.297
25709908	128.608
25715364	128.477
25720048	128.348
25724738	128.215
25729448	128.452
25734892	128.463
25739584	128.409
25744280	128.233
25748972	128.427
25754428	128.541
25759128	128.126
25763816	128.304
25768494	128.525
25773972	128.354
25778650	128.338
25783348	128.582
25788034	128.155
25793504	128.065
25798194	128.336
25802884	127.657
25807568	126.471
25813036	122.359
25817736	118.140
25822412	112.813
25827108	99.638
25832576	66.554
25837264	52.874
25841944	55.131
25846638	58.283
25852100	57.228
25856788	57.070
25861480	56.875
25866950	57.621
25871636	60.820
25876324	64.354
25881008	61.671
25886484	69.387
25891176	69.404
25895860	75.087
25900550	86.067
25906024	91.454
25910708	103.101
25915392	117.924
25920076	123.450
25925548	127.747
25930244	128.097
25934924	128.514
25939628	128.338
25945078	128.558
25949774	128.449
25954456	128.167
25959148	128.442
25964616	128.273
25969308	128.468
25973990	128.261
25978682	128.371
25984152	128.241
25988836	128.581
25993524	128.289
25998216	128.556
26003690	128.387
26008384	128.646
26013056	128.419
26017748	128.708
26023216	128.607
26027904	128.287
26032592	128.291
26037292	128.236
26042744	128.419
26047440	128.194
26052128	128.411
26056820	128.505
26062284	128.551
26066968	128.558
26071698	128.518
26076356	128.319
26081824	128.270
26086506	128.432
26091200	128.524
26096676	128.386
26101352	128.369
26106040	128.504
26110736	128.598
26116208	128.369
26120896	128.491
26125576	128.551
26130304	128.579
26135744	128.360
26140418	128.192
26145112	128.596
26149796	128.082
26155266	128.641
26159952	128.416
26164646	128.384
26169332	128.440
26174794	128.489
26179500	128.328
26184176	128.327
26188880	128.437
26194344	128.207
26199024	128.327
26203710	128.415
26208404	128.360
26213864	128.321
26218558	128.485
26223244	128.385
26227932	128.419
26233404	128.277
26238092	128.328
26242776	128.526
26247494	128.226
26252968	128.274
26257622	128.316
26262322	128.434
26267000	128.197
26272464	128.129
26277156	128.339
26281862	128.268
26286552	128.277
26291996	128.544
26296700	128.313
26301384	128.448
26306088	128.227
26311564	128.442
26316256	128.342
26320908	128.283
26326380	128.428
26331076	128.172
26335772	128.329
26340448	128.259
26345920	128.544
26350616	128.023
26355290	128.372
26359988	128.242
26365452	128.515
26370184	128.440
26374820	128.523
26379516	128.478
26384980	128.616
26389672	128.444
26394360	128.188
26399046	128.234
26404516	128.381
26409204	128.115
26413894	128.355
26418578	128.393
26424052	128.177
26428812	128.483
26433428	128.506
26438108	128.501
26443582	128.354
26448272	128.321
26452958	128.316
26457660	128.066
26463124	128.212
26467816	128.065
26472488	128.442
26477180	128.419
26482656	128.440
26487346	128.401
26492036	128.468
26496724	128.234
26502184	128.402
26506876	128.446
26511584	128.426
26516252	128.205
26521720	128.509
26526412	128.191
26531098	128.336
26535776	128.143
26541256	128.345
26545968	128.242
26550638	128.352
26555316	128.219
26560788	128.191
26565478	128.309
26570160	128.260
26575630	128.572
26580320	128.396
26585012	128.403
26589694	128.317
26595162	128.220
26599852	128.029
26604540	128.183
26609228	128.068
26614696	128.289
26619382	128.457
26624074	128.207
26628766	128.276
26634232	128.150
26638926	128.334
26643608	127.934
26648300	128.425
26653768	128.363
26658468	128.654
26663148	128.399
26667830	128.145
26673298	128.341
26678000	128.425
26682676	128.233
26687380	128.350
26692832	128.388
26697524	128.205
26702210	128.391
26706926	128.243
26712366	128.311
26717052	128.268
26721748	128.069
26726426	128.152
26731902	128.534
26736592	128.432
26741278	128.326
26745964	128.627
26751438	128.257
26756128	128.339
26760816	128.224
26765508	127.976
26770968	128.101
26775650	128.627
26780352	128.387
26785032	128.444
26790510	128.176
26795192	128.419
26799882	128.413
26805344	128.476
26810040	128.299
26814724	128.426
26819414	128.247
26824880	128.363
26829564	128.401
26834262	128.462
26838954	128.383
26844412	128.294
26849102	128.516
26853800	128.541
26858476	128.557
26863952	128.339
26868638	128.455
26873332	128.553
26878016	128.208
26883484	128.313
26888168	128.193
26892872	128.354
26897548	128.456
26903022	128.381
26907706	128.428
26912392	128.441
26917090	128.416
26922548	128.450
26927236	128.464
26931932	128.588
26936612	128.447
26942084	128.234
26946768	128.211
26951468	128.357
26956148	128.350
26961620	128.511
26966312	128.321
26971000	128.434
26975692	128.463
26981148	128.373
26985838	128.678
26990528	128.390
26995218	128.539
27000692	128.136
27005382	128.189
27010078	128.556
27014752	128.416
27020214	128.473
27024916	128.477
27029598	128.436
27035072	128.466
27039754	128.536
27044440	128.236
27049136	128.751
27054604	128.566
27059284	128.454
27063988	128.490
27068700	128.641
27074140	128.674
27078832	128.201
27083508	128.215
27088196	128.125
27093662	128.390
27098360	128.217
27103046	128.401
27107730	128.252
27113216	128.137
27117884	128.287
27122586	128.554
27127268	128.505
27132796	128.250
27137426	128.440
27142108	128.201
27146796	128.208
27152264	128.223
27156962	128.563
27161644	128.258
27166340	128.449
27171808	128.525
27176488	128.525
27181172	128.556
27185872	128.632
27191402	128.248
27196030	128.311
27200708	128.289
27205408	128.248
27210868	128.246
27215560	128.278
27220258	128.337
27224940	127.909
27230408	127.852
27235096	126.983
27239788	122.500
27244464	114.531
27250000	108.489
27254634	105.454
27259308	103.274
27264006	99.618
27269464	98.162
27274152	108.841
27278868	112.579
27284316	112.302
27289006	112.542
27293704	114.864
27298374	117.854
27303860	119.918
27308532	119.585
27313228	120.772
27317916	119.768
27323386	118.221
27328088	119.781
27332756	123.042
27337456	124.877
27342916	126.113
27347600	126.838
27352292	127.700
27356978	128.226
27362452	128.219
27367228	128.325
27371824	128.460
27376508	128.438
27381986	128.598
27386672	128.713
27391360	128.369
27396054	128.401
27401512	128.225
27406206	128.253
27410896	128.493
27415576	128.295
27421044	128.520
27425752	128.234
27430424	128.509
27435112	128.709
27440588	128.504
27445268	128.109
27449956	128.466
27454656	128.758
27460136	128.523
27464804	128.352
27469492	128.359
27474178	128.182
27479660	128.951
27484336	128.374
27489036	128.393
27493730	128.485
27499188	128.424
27503880	128.242
27508556	128.250
27514028	128.530
27518728	128.612
27523406	128.416
27528094	128.408
27533562	128.421
27538246	128.379
27542940	128.483
27547636	128.296
27553118	128.585
27557790	128.396
27562470	128.297
27567168	128.514
27572632	128.425
27577320	128.402
27582016	128.264
27586696	128.430
27592168	128.189
27596852	128.493
27601544	128.393
27606228	128.305
27611704	128.486
27616390	128.283
27621084	128.464
27625772	128.517
27631234	128.299
27635924	128.766
27640616	128.657
27645304	128.219
27650766	128.332
27655452	128.598
27660140	128.434
27664832	128.234
27670304	128.349
27674994	128.417
27679670	128.465
27684364	128.223
27689836	128.320
27694530	128.010
27699220	128.366
27703896	128.497
27709366	128.532
27714052	128.436
27718750	128.452
27723438	128.393
27728908	128.432
27733588	128.216
27738284	128.448
27743744	128.361
27748432	128.591
27753120	128.393
27757824	128.470
27763280	128.383
27767976	128.193
27772670	128.332
27777356	128.436
27782816	128.336
27787504	128.157
27792190	128.315
27796902	128.153
27802348	128.402
27807034	128.575
27811738	128.405
27816432	128.399
27821884	128.352
27826572	128.436
27831284	128.444
27835946	128.469
27841412	128.503
27846098	128.343
27850792	128.370
27855500	128.240
27860944	128.440
27865632	128.315
27870328	128.507
27875032	128.518
27880488	128.566
27885190	128.209
27889874	128.591
27894552	128.713
27900016	128.338
27904702	128.495
27909390	128.472
27914090	128.258
27919568	128.546
27924234	128.266
27928930	128.617
27933624	128.546
27939092	128.468
27943772	128.219
27948488	128.328
27953148	128.491
27958620	128.326
27963308	128.350
27967990	128.164
27973464	128.504
27978158	128.386
27982842	128.621
27987536	128.559
27992996	128.476
27997688	128.544
28002592	128.362
28007298	128.513
28012754	128.636
28016220	128.403
